1 0.9789772727272726 0.5654761904761905 0.0375 0.12698412698412698
1 0.9340909090909091 0.5248015873015873 0.05454545454545454 0.16865079365079363
1 0.8630681818181818 0.564484126984127 0.06477272727272727 0.15674603174603174
1 0.7505681818181817 0.5793650793650793 0.0625 0.14285714285714285
1 0.6073863636363636 0.7341269841269841 0.15568181818181817 0.2698412698412698
1 0.46818181818181814 0.4841269841269841 0.07727272727272727 0.1746031746031746
1 0.5272727272727272 0.5188492063492063 0.06136363636363636 0.13293650793650794
1 0.2409090909090909 0.6309523809523809 0.05909090909090909 0.13095238095238093
1 0.27045454545454545 0.5218253968253967 0.06818181818181818 0.15873015873015872
1 0.11931818181818181 0.4186507936507936 0.07272727272727272 0.15476190476190477
