1 0.8857421875 0.30859375 0.041015625 0.05859375
1 0.5205078125 0.3154296875 0.048828125 0.060546875
1 0.314453125 0.220703125 0.13671875 0.08984375
1 0.0732421875 0.2001953125 0.146484375 0.142578125
1 0.0751953125 0.40234375 0.150390625 0.1640625
1 0.3037109375 0.357421875 0.107421875 0.08984375
1 0.7666015625 0.439453125 0.060546875 0.06640625
1 0.701171875 0.4716796875 0.05859375 0.068359375
1 0.48046875 0.4384765625 0.05859375 0.080078125
1 0.81640625 0.5068359375 0.07421875 0.056640625
1 0.708984375 0.6689453125 0.078125 0.076171875
1 0.892578125 0.7939453125 0.04296875 0.060546875
1 0.7890625 0.8076171875 0.05859375 0.064453125
1 0.544921875 0.8447265625 0.06640625 0.064453125
1 0.484375 0.6953125 0.0546875 0.0703125
1 0.4375 0.6005859375 0.0703125 0.103515625
1 0.205078125 0.689453125 0.12109375 0.109375
1 0.07421875 0.599609375 0.140625 0.14453125
1 0.07421875 0.7158203125 0.109375 0.095703125
1 0.1328125 0.884765625 0.0546875 0.05078125
1 0.921875 0.9189453125 0.1171875 0.080078125
