1 0.93 0.48854166666666665 0.06 0.08125
1 0.96875 0.6479166666666667 0.0625 0.12916666666666665
1 0.8718750000000001 0.5229166666666667 0.04625 0.058333333333333334
1 0.801875 0.40625 0.04875 0.0625
1 0.805625 0.5239583333333333 0.05375 0.08541666666666667
1 0.75 0.50625 0.045 0.07916666666666666
1 0.698125 0.46979166666666666 0.058750000000000004 0.10625
1 0.5700000000000001 0.5302083333333333 0.135 0.15208333333333332
1 0.38125000000000003 0.5375 0.07 0.1
1 0.46125 0.4375 0.045 0.058333333333333334
1 0.26 0.4791666666666667 0.1475 0.175
1 0.125 0.5135416666666667 0.0725 0.11875
1 0.038125 0.5354166666666667 0.06875 0.12083333333333333
