0 0.40540540540540543 0.37890625 0.07722007722007722 0.08203125
0 0.3706563706563707 0.6845703125 0.07722007722007722 0.083984375
0 0.4083011583011583 0.9150390625 0.07528957528957529 0.083984375
0 0.3706563706563707 0.1650390625 0.04247104247104247 0.052734375
0 0.21814671814671815 0.38671875 0.06563706563706564 0.06640625
0 0.8687258687258688 0.6015625 0.06177606177606178 0.0625
0 0.6872586872586873 0.1162109375 0.0501930501930502 0.052734375
0 0.6235521235521235 0.6328125 0.0694980694980695 0.07421875
0 0.7036679536679536 0.869140625 0.0637065637065637 0.06640625
0 0.12451737451737452 0.1416015625 0.059845559845559844 0.068359375
0 0.09555984555984556 0.6787109375 0.055984555984555984 0.064453125
0 0.7818532818532818 0.2109375 0.04633204633204634 0.06640625
0 0.08301158301158301 0.408203125 0.07335907335907337 0.0703125
0 0.7403474903474904 0.6337890625 0.07142857142857142 0.083984375
0 0.3088803088803089 0.130859375 0.03861003861003861 0.046875
0 0.6032818532818532 0.1357421875 0.04054054054054054 0.052734375
0 0.444015444015444 0.16015625 0.0501930501930502 0.04296875
0 0.24903474903474904 0.685546875 0.05791505791505792 0.078125
0 0.6110038610038611 0.8232421875 0.03281853281853282 0.044921875
