1 0.9369419642857142 0.11309523809523808 0.07254464285714285 0.12301587301587301
1 0.44084821428571425 0.03373015873015873 0.05803571428571428 0.06746031746031746
1 0.45926339285714285 0.5565476190476191 0.09263392857142856 0.18055555555555555
1 0.07589285714285714 0.06349206349206349 0.0625 0.12698412698412698
1 0.19363839285714285 0.05654761904761904 0.06138392857142857 0.09325396825396826
1 0.31863839285714285 0.03968253968253968 0.05245535714285714 0.07936507936507936
1 0.5686383928571428 0.041666666666666664 0.0546875 0.08333333333333333
1 0.6964285714285714 0.04464285714285714 0.05133928571428571 0.08928571428571427
1 0.7890625 0.08928571428571427 0.049107142857142856 0.09126984126984126
1 0.62890625 0.4126984126984127 0.07924107142857142 0.15079365079365079
1 0.04241071428571428 0.6428571428571428 0.04241071428571428 0.16269841269841268
