1 0.4267578125 0.7136986301369863 0.123046875 0.07397260273972603
1 0.8134765625 0.06506849315068493 0.099609375 0.050684931506849315
1 0.11328125 0.873972602739726 0.10546875 0.09041095890410959
1 0.4052734375 0.3116438356164384 0.130859375 0.0863013698630137
1 0.578125 0.4506849315068493 0.10546875 0.09315068493150686
1 0.37109375 0.4226027397260274 0.0625 0.03972602739726028
1 0.5556640625 0.31095890410958904 0.083984375 0.06575342465753425
1 0.6396484375 0.2547945205479452 0.107421875 0.07397260273972603
1 0.546875 0.24657534246575344 0.078125 0.057534246575342465
1 0.61328125 0.13013698630136986 0.16015625 0.1506849315068493
1 0.3896484375 0.07191780821917808 0.123046875 0.08904109589041095
1 0.1884765625 0.3363013698630137 0.115234375 0.0726027397260274
1 0.1171875 0.1410958904109589 0.12890625 0.07397260273972603
1 0.2236328125 0.08904109589041095 0.091796875 0.0821917808219178
1 0.1064453125 0.4684931506849315 0.107421875 0.0958904109589041
1 0.2236328125 0.6349315068493151 0.091796875 0.08082191780821918
1 0.380859375 0.8726027397260274 0.1171875 0.08493150684931507
1 0.5888671875 0.6493150684931507 0.103515625 0.06575342465753425
1 0.76953125 0.686986301369863 0.06640625 0.0726027397260274
1 0.7744140625 0.4486301369863014 0.080078125 0.06438356164383562
1 0.8349609375 0.2678082191780822 0.115234375 0.0863013698630137
