0 0.9016666666666667 0.13333333333333333 0.07666666666666667 0.14166666666666666
0 0.885 0.30833333333333335 0.07666666666666667 0.15
0 0.81 0.5375 0.08 0.16666666666666666
0 0.7083333333333334 0.14583333333333334 0.07 0.125
0 0.6466666666666667 0.3104166666666667 0.08666666666666667 0.17083333333333334
0 0.4966666666666667 0.12291666666666666 0.08 0.12916666666666665
0 0.38833333333333336 0.2895833333333333 0.09666666666666668 0.1625
0 0.25333333333333335 0.12083333333333333 0.07333333333333333 0.15
0 0.07500000000000001 0.275 0.08333333333333334 0.14166666666666666
0 0.055 0.13958333333333334 0.08333333333333334 0.1625
0 0.19333333333333336 0.48333333333333334 0.09333333333333334 0.19166666666666665
