0 0.8628571428571429 0.30785714285714283 0.11714285714285715 0.09285714285714286
0 0.8514285714285714 0.38642857142857145 0.05714285714285714 0.041428571428571426
0 0.825 0.5221428571428571 0.05285714285714286 0.041428571428571426
0 0.645 0.5985714285714285 0.07 0.06
0 0.6721428571428572 0.4421428571428571 0.055714285714285716 0.05285714285714286
0 0.6928571428571428 0.35642857142857143 0.06285714285714286 0.06714285714285714
0 0.55 0.05071428571428571 0.04857142857142857 0.03571428571428571
0 0.3707142857142857 0.605 0.05857142857142857 0.047142857142857146
0 0.3364285714285714 0.465 0.055714285714285716 0.05
0 0.18714285714285714 0.565 0.06571428571428571 0.041428571428571426
0 0.2592857142857143 0.3514285714285714 0.055714285714285716 0.045714285714285714
0 0.14785714285714285 0.28214285714285714 0.06142857142857143 0.041428571428571426
0 0.13714285714285715 0.43785714285714283 0.045714285714285714 0.047142857142857146
0 0.09571428571428571 0.9378571428571428 0.09142857142857143 0.08142857142857143
