1 0.5212053571428571 0.31547619047619047 0.03794642857142857 0.05952380952380952
1 0.19810267857142855 0.29067460317460314 0.025669642857142856 0.0496031746031746
1 0.16294642857142858 0.41567460317460314 0.024553571428571428 0.061507936507936505
1 0.30301339285714285 0.371031746031746 0.05022321428571428 0.08333333333333333
1 0.09933035714285714 0.5158730158730158 0.06696428571428571 0.12301587301587301
1 0.28125 0.5634920634920635 0.046875 0.09523809523809523
1 0.2232142857142857 0.40674603174603174 0.03125 0.07539682539682539
1 0.14285714285714285 0.3412698412698413 0.04464285714285714 0.06746031746031746
1 0.3487723214285714 0.3551587301587301 0.02120535714285714 0.04365079365079365
1 0.20535714285714285 0.5188492063492063 0.02901785714285714 0.08134920634920634
1 0.24386160714285712 0.3204365079365079 0.025669642857142856 0.08134920634920634
1 0.08147321428571429 0.31646825396825395 0.024553571428571428 0.0734126984126984
1 0.04352678571428571 0.40277777777777773 0.04464285714285714 0.06349206349206349
1 0.04464285714285714 0.4712301587301587 0.024553571428571428 0.057539682539682536
1 0.8850446428571428 0.4484126984126984 0.04464285714285714 0.07539682539682539
1 0.5948660714285714 0.4305555555555555 0.03794642857142857 0.12301587301587301
1 0.43638392857142855 0.4474206349206349 0.03125 0.0734126984126984
1 0.37053571428571425 0.3898809523809524 0.02232142857142857 0.08531746031746032
1 0.43191964285714285 0.36706349206349204 0.02232142857142857 0.04365079365079365
1 0.40234375 0.2986111111111111 0.025669642857142856 0.0734126984126984
1 0.48270089285714285 0.2936507936507936 0.01450892857142857 0.05555555555555555
1 0.29631696428571425 0.2996031746031746 0.027901785714285712 0.04365079365079365
