0 0.37779017857142855 0.7628968253968254 0.0390625 0.05357142857142857
0 0.8052455357142857 0.7301587301587301 0.041294642857142856 0.1111111111111111
0 0.8616071428571428 0.7509920634920635 0.05133928571428571 0.08134920634920634
0 0.86328125 0.6448412698412698 0.03459821428571428 0.09126984126984126
0 0.9559151785714285 0.6557539682539683 0.06138392857142857 0.10515873015873015
0 0.9308035714285714 0.798611111111111 0.02901785714285714 0.06944444444444445
0 0.7672991071428571 0.7648809523809523 0.025669642857142856 0.0496031746031746
0 0.7399553571428571 0.7857142857142857 0.017857142857142856 0.03968253968253968
0 0.7165178571428571 0.7916666666666666 0.015625 0.04365079365079365
0 0.7606026785714285 0.7063492063492063 0.032366071428571425 0.051587301587301584
0 0.5552455357142857 0.7033730158730158 0.0390625 0.06944444444444445
0 0.05133928571428571 0.5496031746031745 0.04464285714285714 0.07539682539682539
