0 0.80126953125 0.5390625 0.0654296875 0.0859375
0 0.64892578125 0.46158854166666663 0.0244140625 0.037760416666666664
0 0.453125 0.3391927083333333 0.04296875 0.05859375
0 0.5048828125 0.3450520833333333 0.0234375 0.033854166666666664
0 0.404296875 0.2864583333333333 0.025390625 0.04427083333333333
0 0.525390625 0.107421875 0.056640625 0.06901041666666666
0 0.5322265625 0.8509114583333333 0.044921875 0.05859375
0 0.4677734375 0.8489583333333333 0.056640625 0.07552083333333333
0 0.41796875 0.7962239583333333 0.02734375 0.053385416666666664
0 0.2333984375 0.8626302083333333 0.029296875 0.03515625
0 0.21240234375 0.8580729166666666 0.0283203125 0.03645833333333333
0 0.19091796875 0.865234375 0.0224609375 0.03515625
0 0.138671875 0.8352864583333333 0.03515625 0.04296875
0 0.119140625 0.8958333333333333 0.0234375 0.03125
0 0.07958984375 0.94140625 0.0224609375 0.04427083333333333
0 0.23779296875 0.33203125 0.0244140625 0.03645833333333333
0 0.16259765625 0.3255208333333333 0.0537109375 0.0625
0 0.12353515625 0.107421875 0.0361328125 0.045572916666666664
