1 0.8004807692307693 0.3989583333333333 0.06730769230769232 0.13958333333333334
1 0.9423076923076924 0.765625 0.06490384615384616 0.12708333333333333
1 0.8557692307692308 0.8177083333333334 0.09134615384615385 0.18541666666666667
1 0.2962740384615385 0.3333333333333333 0.08293269230769232 0.17916666666666667
1 0.12079326923076923 0.79375 0.06610576923076923 0.13333333333333333
1 0.32271634615384615 0.6604166666666667 0.06370192307692309 0.1125
1 0.5294471153846154 0.5885416666666666 0.06370192307692309 0.13958333333333334
1 0.600360576923077 0.9093749999999999 0.054086538461538464 0.11875
1 0.5114182692307693 0.88125 0.078125 0.14166666666666666
1 0.0967548076923077 0.228125 0.058894230769230775 0.09375
1 0.038461538461538464 0.5052083333333334 0.04807692307692308 0.10625
