0 0.7936197916666666 0.409375 0.045572916666666664 0.06458333333333333
0 0.4759114583333333 0.3697916666666667 0.05598958333333333 0.06875
0 0.5188802083333333 0.26458333333333334 0.05598958333333333 0.075
0 0.45377604166666663 0.2520833333333333 0.04817708333333333 0.058333333333333334
0 0.3821614583333333 0.23645833333333333 0.04036458333333333 0.06458333333333333
0 0.4231770833333333 0.37395833333333334 0.041666666666666664 0.04791666666666666
0 0.35807291666666663 0.359375 0.057291666666666664 0.06875
0 0.3001302083333333 0.23958333333333334 0.04296875 0.058333333333333334
0 0.29752604166666663 0.3958333333333333 0.08723958333333333 0.15833333333333333
0 0.09375 0.2125 0.04427083333333333 0.0625
0 0.11197916666666666 0.37083333333333335 0.05208333333333333 0.05
0 0.029947916666666664 0.253125 0.0390625 0.03958333333333333
0 0.04622395833333333 0.3677083333333333 0.04817708333333333 0.06458333333333333
