0 0.2535377358490566 0.3760775862068965 0.04952830188679245 0.08836206896551724
0 0.40035377358490565 0.47198275862068967 0.045990566037735846 0.06896551724137931
0 0.3290094339622641 0.49245689655172414 0.04245283018867924 0.0625
0 0.10436320754716981 0.634698275862069 0.1096698113207547 0.17456896551724138
0 0.22818396226415094 0.6443965517241379 0.05778301886792453 0.125
0 0.316627358490566 0.6012931034482758 0.05542452830188679 0.125
0 0.3962264150943396 0.6163793103448276 0.051886792452830184 0.11637931034482758
0 0.4569575471698113 0.5775862068965517 0.04834905660377358 0.10775862068965517
0 0.5129716981132075 0.5818965517241379 0.030660377358490566 0.09482758620689655
0 0.5554245283018868 0.5484913793103449 0.0330188679245283 0.08836206896551724
