0 0.9164556962025316 0.7614035087719299 0.05569620253164557 0.07719298245614035
0 0.6379746835443038 0.3192982456140351 0.1518987341772152 0.1543859649122807
0 0.7164556962025317 0.531578947368421 0.0759493670886076 0.09473684210526316
0 0.8468354430379746 0.443859649122807 0.10379746835443038 0.10877192982456141
0 0.7227848101265822 0.41578947368421054 0.08354430379746836 0.05964912280701754
0 0.41012658227848103 0.5228070175438596 0.09113924050632911 0.17543859649122806
0 0.3569620253164557 0.2456140350877193 0.10126582278481013 0.3087719298245614
0 0.15063291139240506 0.3824561403508772 0.06835443037974684 0.10526315789473685
0 0.21265822784810126 0.6140350877192983 0.09113924050632911 0.16842105263157894
0 0.3860759493670886 0.7807017543859649 0.16455696202531647 0.1929824561403509
