1 0.8523437500000001 0.2739583333333333 0.0546875 0.08125
1 0.7585937500000001 0.775 0.16718750000000002 0.2
1 0.8343750000000001 0.928125 0.09062500000000001 0.07291666666666667
1 0.5625 0.8260416666666667 0.084375 0.09375
1 0.4859375 0.775 0.08125 0.07916666666666666
1 0.41250000000000003 0.8270833333333333 0.05625 0.075
1 0.3203125 0.7989583333333333 0.09062500000000001 0.08958333333333333
1 0.2234375 0.828125 0.06875 0.07291666666666667
1 0.14765625000000002 0.8177083333333334 0.0546875 0.06041666666666667
1 0.07578125000000001 0.7625 0.026562500000000003 0.0625
1 0.171875 0.3177083333333333 0.078125 0.09375
