1 0.5267241379310345 0.8033707865168539 0.06034482758620689 0.05368289637952559
1 0.49137931034482757 0.9132334581772784 0.08275862068965517 0.06117353308364545
1 0.6448275862068965 0.8083645443196005 0.06551724137931034 0.046192259675405745
1 0.3758620689655172 0.8520599250936329 0.07241379310344828 0.05368289637952559
1 0.39655172413793105 0.7940074906367042 0.06206896551724138 0.049937578027465665
1 0.4982758620689655 0.733458177278402 0.03793103448275862 0.02871410736579276
1 0.33448275862068966 0.681023720349563 0.041379310344827586 0.02871410736579276
1 0.27586206896551724 0.6485642946317104 0.05172413793103448 0.03620474406991261
1 0.225 0.6885143570536829 0.04310344827586207 0.031210986267166042
1 0.18189655172413793 0.8339575530586767 0.0706896551724138 0.04744069912609238
