1 0.9465277777777779 0.3729166666666667 0.043055555555555555 0.1
1 0.8680555555555556 0.37604166666666666 0.04166666666666667 0.10625
1 0.7847222222222222 0.41562499999999997 0.04166666666666667 0.11041666666666666
1 0.7256944444444444 0.4010416666666667 0.043055555555555555 0.10208333333333333
1 0.6569444444444444 0.409375 0.04166666666666667 0.08541666666666667
1 0.6020833333333333 0.471875 0.04583333333333334 0.09375
1 0.5333333333333333 0.47812499999999997 0.03888888888888889 0.08958333333333333
1 0.46944444444444444 0.45416666666666666 0.036111111111111115 0.08333333333333333
1 0.40069444444444446 0.4739583333333333 0.043055555555555555 0.08541666666666667
1 0.35347222222222224 0.425 0.0375 0.0875
1 0.30972222222222223 0.459375 0.04166666666666667 0.07708333333333334
1 0.26180555555555557 0.45 0.034722222222222224 0.09166666666666666
1 0.22361111111111112 0.553125 0.030555555555555558 0.06875
1 0.16666666666666669 0.48854166666666665 0.030555555555555558 0.06875
1 0.12152777777777778 0.5739583333333333 0.05416666666666667 0.06041666666666667
1 0.09305555555555556 0.48854166666666665 0.03333333333333333 0.052083333333333336
1 0.04097222222222222 0.44895833333333335 0.0375 0.052083333333333336
1 0.9173611111111112 0.11666666666666667 0.04027777777777778 0.07083333333333333
1 0.8659722222222223 0.121875 0.0375 0.06041666666666667
1 0.8090277777777778 0.15104166666666666 0.034722222222222224 0.06041666666666667
1 0.7506944444444444 0.146875 0.029166666666666667 0.06458333333333333
1 0.6777777777777778 0.12395833333333334 0.030555555555555558 0.06458333333333333
1 0.6340277777777779 0.15416666666666667 0.03194444444444445 0.07083333333333333
1 0.5673611111111111 0.16875 0.029166666666666667 0.075
1 0.5229166666666667 0.175 0.034722222222222224 0.07083333333333333
1 0.46805555555555556 0.20104166666666667 0.02777777777777778 0.06458333333333333
1 0.42986111111111114 0.19479166666666667 0.029166666666666667 0.06041666666666667
1 0.37430555555555556 0.25104166666666666 0.029166666666666667 0.052083333333333336
1 0.33055555555555555 0.23854166666666665 0.030555555555555558 0.07291666666666667
1 0.2847222222222222 0.24375 0.030555555555555558 0.058333333333333334
1 0.22916666666666669 0.2375 0.02777777777777778 0.05416666666666667
1 0.17708333333333334 0.30833333333333335 0.02361111111111111 0.0625
