0 0.33872767857142855 0.40178571428571425 0.12165178571428571 0.21626984126984125
0 0.021763392857142856 0.11507936507936507 0.036830357142857144 0.09126984126984126
0 0.1328125 0.12103174603174602 0.06026785714285714 0.0992063492063492
0 0.26060267857142855 0.1111111111111111 0.05915178571428571 0.09126984126984126
0 0.38950892857142855 0.11805555555555555 0.06696428571428571 0.10515873015873015
0 0.5178571428571428 0.11607142857142856 0.07589285714285714 0.10515873015873015
0 0.6428571428571428 0.11904761904761904 0.06919642857142856 0.10317460317460317
0 0.7689732142857142 0.1111111111111111 0.06919642857142856 0.0992063492063492
0 0.8984375 0.11507936507936507 0.06026785714285714 0.10714285714285714
0 0.9754464285714285 0.9206349206349206 0.046875 0.0992063492063492
0 0.8599330357142857 0.9156746031746031 0.06361607142857142 0.11309523809523808
0 0.7293526785714285 0.9146825396825397 0.06361607142857142 0.10317460317460317
0 0.6065848214285714 0.9176587301587301 0.06584821428571429 0.09325396825396826
0 0.47879464285714285 0.9216269841269841 0.06473214285714285 0.08928571428571427
0 0.34654017857142855 0.923611111111111 0.06361607142857142 0.09722222222222221
0 0.22433035714285712 0.9206349206349206 0.05357142857142857 0.10714285714285714
0 0.09877232142857142 0.9097222222222222 0.06138392857142857 0.09722222222222221
