1 0.04716981132075471 0.8822916666666667 0.09433962264150943 0.16041666666666665
1 0.20695754716981132 0.6125 0.13325471698113206 0.22916666666666666
1 0.3284198113207547 0.7979166666666666 0.07900943396226415 0.17916666666666667
1 0.4882075471698113 0.553125 0.1509433962264151 0.2604166666666667
1 0.4858490566037736 0.9708333333333333 0.05424528301886792 0.05416666666666667
1 0.6043632075471698 0.796875 0.06485849056603774 0.15625
1 0.7222877358490566 0.9427083333333334 0.05306603773584905 0.11041666666666666
1 0.7688679245283019 0.778125 0.07311320754716981 0.14791666666666667
1 0.8797169811320754 0.8927083333333333 0.04952830188679245 0.11875
1 0.9363207547169811 0.9572916666666667 0.04952830188679245 0.08541666666666667
