0 0.8830645161290323 0.2375 0.07258064516129031 0.14642857142857144
0 0.9264112903225806 0.9017857142857143 0.10282258064516128 0.19642857142857142
0 0.844758064516129 0.5928571428571429 0.07661290322580645 0.15714285714285714
0 0.7842741935483871 0.2625 0.09274193548387097 0.1607142857142857
0 0.6401209677419355 0.18571428571428572 0.1189516129032258 0.19999999999999998
0 0.720766129032258 0.5767857142857142 0.1350806451612903 0.2464285714285714
0 0.6441532258064516 0.8267857142857142 0.07056451612903225 0.15357142857142855
0 0.6078629032258064 0.3875 0.09879032258064516 0.21071428571428572
0 0.5040322580645161 0.5785714285714285 0.11693548387096774 0.2642857142857143
0 0.2963709677419355 0.7053571428571428 0.12903225806451613 0.23214285714285712
0 0.4848790322580645 0.2642857142857143 0.06653225806451613 0.16428571428571428
0 0.4133064516129032 0.20714285714285713 0.08064516129032258 0.17142857142857143
0 0.3125 0.22678571428571428 0.09274193548387097 0.16785714285714284
0 0.1693548387096774 0.3678571428571428 0.12096774193548387 0.2357142857142857
0 0.056451612903225805 0.2732142857142857 0.08064516129032258 0.125
