1 0.7393973214285714 0.8323412698412698 0.0390625 0.09325396825396826
1 0.6635044642857143 0.8452380952380952 0.03013392857142857 0.07936507936507936
1 0.5797991071428571 0.7926587301587301 0.041294642857142856 0.09325396825396826
1 0.5652901785714285 0.8412698412698412 0.04352678571428571 0.10317460317460317
1 0.47991071428571425 0.8303571428571428 0.040178571428571425 0.09722222222222221
1 0.5122767857142857 0.6994047619047619 0.06026785714285714 0.15277777777777776
1 0.4308035714285714 0.736111111111111 0.05803571428571428 0.09523809523809523
1 0.36997767857142855 0.8154761904761905 0.032366071428571425 0.09523809523809523
1 0.28794642857142855 0.7976190476190476 0.03571428571428571 0.1349206349206349
1 0.24888392857142855 0.6597222222222222 0.03571428571428571 0.08928571428571427
1 0.21595982142857142 0.7827380952380952 0.032366071428571425 0.13293650793650794
