0 0.6982421875 0.1279296875 0.052734375 0.091796875
0 0.6025390625 0.046875 0.056640625 0.06640625
0 0.671875 0.2861328125 0.1328125 0.111328125
0 0.9453125 0.7265625 0.04296875 0.046875
0 0.8486328125 0.7529296875 0.048828125 0.041015625
0 0.5771484375 0.3251953125 0.037109375 0.037109375
0 0.3291015625 0.0380859375 0.037109375 0.044921875
0 0.27734375 0.029296875 0.046875 0.046875
0 0.3359375 0.185546875 0.109375 0.13671875
0 0.42578125 0.1875 0.046875 0.05078125
0 0.2451171875 0.203125 0.052734375 0.0625
0 0.1845703125 0.3115234375 0.048828125 0.068359375
0 0.2353515625 0.3916015625 0.068359375 0.052734375
0 0.302734375 0.3935546875 0.05078125 0.060546875
0 0.4033203125 0.248046875 0.041015625 0.03125
0 0.19921875 0.5029296875 0.07421875 0.142578125
0 0.11328125 0.5185546875 0.046875 0.033203125
0 0.2548828125 0.7265625 0.052734375 0.046875
0 0.6875 0.6748046875 0.13671875 0.138671875
0 0.7158203125 0.478515625 0.162109375 0.12890625
