0 0.79296875 0.3677083333333333 0.051562500000000004 0.06041666666666667
0 0.92734375 0.5083333333333333 0.060937500000000006 0.075
0 0.6703125000000001 0.3125 0.03125 0.0375
0 0.58828125 0.36875 0.0484375 0.058333333333333334
0 0.68515625 0.46979166666666666 0.06406250000000001 0.09791666666666667
0 0.69140625 0.6541666666666667 0.0734375 0.0875
0 0.7578125 0.7729166666666667 0.084375 0.10833333333333334
0 0.5164062500000001 0.8156249999999999 0.1328125 0.10625
0 0.40078125000000003 0.6291666666666667 0.08281250000000001 0.09583333333333333
0 0.44453125000000004 0.453125 0.0578125 0.07291666666666667
0 0.4140625 0.32708333333333334 0.05 0.05
0 0.19062500000000002 0.3770833333333333 0.05 0.05416666666666667
0 0.22968750000000002 0.7270833333333333 0.134375 0.14583333333333334
0 0.5632812500000001 0.5302083333333333 0.0671875 0.08958333333333333
