0 0.9293750000000001 0.4635416666666667 0.04625 0.052083333333333336
0 0.84125 0.46770833333333334 0.0625 0.04375
0 0.7325 0.46770833333333334 0.065 0.052083333333333336
0 0.5962500000000001 0.3385416666666667 0.0675 0.06875
0 0.444375 0.4114583333333333 0.08125 0.06041666666666667
0 0.311875 0.4270833333333333 0.07375 0.05
0 0.185625 0.4375 0.07125000000000001 0.05416666666666667
0 0.08687500000000001 0.4552083333333333 0.06125 0.052083333333333336
0 0.044375 0.7072916666666667 0.03625 0.03958333333333333
0 0.116875 0.6927083333333334 0.04125 0.035416666666666666
0 0.1875 0.696875 0.04 0.04791666666666666
0 0.26125 0.7052083333333333 0.0525 0.05625
0 0.33187500000000003 0.7052083333333333 0.03875 0.05625
0 0.403125 0.6916666666666667 0.04125 0.05
0 0.476875 0.7072916666666667 0.03375 0.04375
0 0.545625 0.6947916666666667 0.04125 0.04375
0 0.620625 0.6864583333333333 0.03875 0.04375
0 0.691875 0.7020833333333333 0.051250000000000004 0.05416666666666667
0 0.760625 0.7010416666666667 0.03875 0.06041666666666667
0 0.826875 0.684375 0.03625 0.06458333333333333
0 0.90125 0.70625 0.0325 0.05416666666666667
0 0.97375 0.6947916666666667 0.035 0.03958333333333333
0 0.9675 0.12291666666666666 0.04 0.075
0 0.900625 0.11770833333333333 0.03875 0.052083333333333336
0 0.825625 0.11041666666666666 0.03625 0.05
0 0.750625 0.11145833333333333 0.03375 0.03958333333333333
0 0.6775 0.121875 0.04 0.052083333333333336
0 0.606875 0.1125 0.051250000000000004 0.041666666666666664
0 0.5325 0.11666666666666667 0.0375 0.05
0 0.4675 0.11875 0.045 0.05416666666666667
0 0.395625 0.11666666666666667 0.03875 0.05416666666666667
0 0.32 0.11875 0.0425 0.05
0 0.25125000000000003 0.12395833333333334 0.035 0.027083333333333334
0 0.175625 0.10416666666666667 0.03125 0.041666666666666664
0 0.04 0.12083333333333333 0.045 0.058333333333333334
0 0.110625 0.11666666666666667 0.04125 0.05
