1 0.8914062500000001 0.11770833333333333 0.0578125 0.07291666666666667
1 0.78671875 0.121875 0.0671875 0.06875
1 0.67578125 0.11770833333333333 0.0578125 0.07708333333333334
1 0.56640625 0.11666666666666667 0.0578125 0.07083333333333333
1 0.45156250000000003 0.11979166666666667 0.06875 0.06041666666666667
1 0.33671875 0.12291666666666666 0.06406250000000001 0.06666666666666667
1 0.22421875000000002 0.12291666666666666 0.060937500000000006 0.05416666666666667
1 0.10546875 0.12291666666666666 0.0734375 0.06666666666666667
1 0.984375 0.871875 0.025 0.06458333333333333
1 0.98359375 0.12708333333333333 0.0203125 0.05416666666666667
1 0.8968750000000001 0.8791666666666667 0.05625 0.06666666666666667
1 0.7898437500000001 0.8760416666666666 0.0578125 0.06458333333333333
1 0.6742187500000001 0.865625 0.0578125 0.06041666666666667
1 0.565625 0.8666666666666667 0.0625 0.058333333333333334
1 0.45078125 0.871875 0.0703125 0.05625
1 0.33984375 0.8729166666666667 0.0578125 0.05416666666666667
1 0.22109375 0.8729166666666667 0.0734375 0.058333333333333334
1 0.1125 0.8770833333333333 0.0625 0.06666666666666667
1 0.014843750000000001 0.875 0.0140625 0.06666666666666667
