1 0.8178391959798995 0.3214285714285714 0.0678391959798995 0.06613756613756613
1 0.842964824120603 0.4722222222222222 0.04271356783919598 0.04497354497354497
1 0.8366834170854272 0.7962962962962963 0.07035175879396985 0.06349206349206349
1 0.7864321608040201 0.8902116402116401 0.16080402010050251 0.1402116402116402
1 0.6683417085427136 0.8333333333333333 0.09547738693467336 0.09523809523809523
1 0.08668341708542714 0.8412698412698412 0.15829145728643215 0.21164021164021163
1 0.6457286432160804 0.4708994708994709 0.16080402010050251 0.14814814814814814
1 0.40703517587939697 0.41005291005291 0.08040201005025126 0.09523809523809523
1 0.2964824120603015 0.2698412698412698 0.11055276381909548 0.1164021164021164
1 0.08165829145728644 0.24735449735449733 0.12311557788944724 0.11375661375661375
1 0.292713567839196 0.05952380952380952 0.11306532663316583 0.10846560846560846
