1 0.8306010928961749 0.416015625 0.13114754098360656 0.08203125
1 0.6939890710382514 0.697265625 0.14207650273224043 0.09765625
1 0.5245901639344263 0.658203125 0.17486338797814208 0.14453125
1 0.5163934426229508 0.58203125 0.18032786885245902 0.0703125
1 0.35792349726775957 0.7578125 0.1912568306010929 0.09375
1 0.3251366120218579 0.60546875 0.14754098360655737 0.09375
1 0.1885245901639344 0.583984375 0.20218579234972678 0.12890625
1 0.10109289617486339 0.693359375 0.16939890710382513 0.10546875
1 0.09562841530054644 0.46875 0.11475409836065574 0.09375
1 0.3551912568306011 0.248046875 0.1092896174863388 0.07421875
1 0.5163934426229508 0.16796875 0.11475409836065574 0.1015625
1 0.6666666666666666 0.34765625 0.12021857923497267 0.0859375
1 0.4180327868852459 0.447265625 0.1912568306010929 0.12890625
