1 0.54296875 0.7770833333333333 0.0390625 0.058333333333333334
1 0.628125 0.7520833333333333 0.046875 0.07916666666666666
1 0.44921875 0.81875 0.0390625 0.05
1 0.33515625000000004 0.8229166666666666 0.0578125 0.06666666666666667
1 0.375 0.7645833333333333 0.053125000000000006 0.09583333333333333
1 0.7406250000000001 0.7885416666666667 0.05625 0.06458333333333333
1 0.49140625000000004 0.6447916666666667 0.0578125 0.08125
1 0.29609375 0.7145833333333333 0.0390625 0.075
1 0.23671875 0.30416666666666664 0.08281250000000001 0.1125
1 0.80234375 0.7822916666666666 0.0328125 0.04791666666666666
