0 0.7248883928571428 0.7202380952380952 0.09486607142857142 0.18253968253968253
0 0.7276785714285714 0.5466269841269841 0.06919642857142856 0.11706349206349206
0 0.5753348214285714 0.5228174603174602 0.09040178571428571 0.18055555555555555
0 0.8018973214285714 0.560515873015873 0.07254464285714285 0.14087301587301587
0 0.9520089285714285 0.5704365079365079 0.08482142857142856 0.14087301587301587
0 0.3292410714285714 0.5476190476190476 0.06919642857142856 0.10317460317460317
0 0.8733258928571428 0.5367063492063492 0.06808035714285714 0.11706349206349206
0 0.012834821428571428 0.5128968253968254 0.025669642857142856 0.10912698412698413
0 0.040178571428571425 0.4236111111111111 0.049107142857142856 0.10515873015873015
0 0.06808035714285714 0.4712301587301587 0.03794642857142857 0.08531746031746032
0 0.09877232142857142 0.3859126984126984 0.04575892857142857 0.06944444444444445
0 0.12667410714285712 0.47619047619047616 0.05915178571428571 0.07936507936507936
0 0.15513392857142858 0.3968253968253968 0.04464285714285714 0.12698412698412698
0 0.20424107142857142 0.40277777777777773 0.03794642857142857 0.051587301587301584
0 0.24553571428571427 0.3720238095238095 0.02901785714285714 0.061507936507936505
0 0.30022321428571425 0.41468253968253965 0.03794642857142857 0.10317460317460317
0 0.3325892857142857 0.39980158730158727 0.024553571428571428 0.04563492063492063
0 0.2466517857142857 0.46924603174603174 0.08482142857142856 0.11706349206349206
0 0.26339285714285715 0.6259920634920635 0.07142857142857142 0.14087301587301587
0 0.1724330357142857 0.5744047619047619 0.05915178571428571 0.10912698412698413
0 0.11160714285714285 0.5992063492063492 0.0625 0.1349206349206349
0 0.40904017857142855 0.5208333333333333 0.05915178571428571 0.12103174603174602
0 0.3482142857142857 0.4603174603174603 0.04464285714285714 0.06349206349206349
0 0.4296875 0.4305555555555555 0.04464285714285714 0.1111111111111111
0 0.47488839285714285 0.4454365079365079 0.032366071428571425 0.09325396825396826
0 0.5200892857142857 0.4037698412698412 0.03571428571428571 0.057539682539682536
0 0.5697544642857143 0.4117063492063492 0.032366071428571425 0.04563492063492063
0 0.5139508928571428 0.4871031746031746 0.032366071428571425 0.06944444444444445
0 0.47265625 0.566468253968254 0.06808035714285714 0.14087301587301587
0 0.6344866071428571 0.46230158730158727 0.041294642857142856 0.07936507936507936
0 0.6612723214285714 0.5783730158730158 0.07477678571428571 0.12896825396825395
0 0.7087053571428571 0.43551587301587297 0.08482142857142856 0.08134920634920634
0 0.6729910714285714 0.37896825396825395 0.03125 0.05555555555555555
0 0.7248883928571428 0.38690476190476186 0.05245535714285714 0.06746031746031746
0 0.77734375 0.4087301587301587 0.025669642857142856 0.07936507936507936
0 0.8376116071428571 0.38095238095238093 0.08147321428571429 0.1349206349206349
0 0.9469866071428571 0.44146825396825395 0.05245535714285714 0.09325396825396826
0 0.98828125 0.439484126984127 0.012276785714285714 0.057539682539682536
