1 0.04858934169278997 0.05511811023622047 0.021943573667711602 0.03464566929133858
1 0.17711598746081506 0.7236220472440945 0.03448275862068966 0.03937007874015748
1 0.05851619644723094 0.7267716535433071 0.03761755485893417 0.07401574803149606
1 0.0574712643678161 0.5251968503937008 0.02089864158829676 0.03307086614173228
1 0.9158829676071056 0.5102362204724409 0.024033437826541278 0.04409448818897638
1 0.8134796238244515 0.5267716535433071 0.019853709508881923 0.029921259842519685
1 0.6833855799373041 0.4944881889763779 0.02298850574712644 0.03779527559055118
1 0.554858934169279 0.5070866141732283 0.031347962382445145 0.047244094488188976
1 0.4315569487983282 0.5133858267716536 0.018808777429467086 0.031496062992125984
1 0.19070010449320796 0.5448818897637795 0.03239289446185998 0.05984251968503937
1 0.7946708463949844 0.28976377952755905 0.030303030303030307 0.03464566929133858
1 0.5694879832810867 0.33779527559055117 0.025078369905956115 0.03307086614173228
1 0.5491118077324975 0.31417322834645667 0.03866248693834901 0.06771653543307087
1 0.4357366771159875 0.3173228346456693 0.048066875653082555 0.08346456692913386
1 0.3035527690700105 0.28503937007874014 0.02821316614420063 0.03464566929133858
1 0.20376175548589343 0.28346456692913385 0.02089864158829676 0.031496062992125984
1 0.05120167189132707 0.2826771653543307 0.031347962382445145 0.03622047244094488
1 0.9242424242424243 0.08110236220472442 0.019853709508881923 0.026771653543307086
1 0.7904911180773251 0.06771653543307087 0.015673981191222573 0.031496062992125984
1 0.6755485893416928 0.06614173228346457 0.019853709508881923 0.03464566929133858
1 0.426332288401254 0.0732283464566929 0.03343782654127482 0.05196850393700787
1 0.1776384535005225 0.0858267716535433 0.02298850574712644 0.03622047244094488
