0 0.5841666666666667 0.5610047846889952 0.06166666666666667 0.045454545454545456
0 0.5816666666666667 0.0604066985645933 0.06333333333333334 0.04425837320574162
0 0.21416666666666667 0.48026315789473684 0.058333333333333334 0.034688995215311005
0 0.2991666666666667 0.40909090909090906 0.055 0.03588516746411483
0 0.21666666666666667 0.2996411483253588 0.06333333333333334 0.03708133971291866
0 0.22166666666666668 0.34210526315789475 0.05666666666666667 0.03588516746411483
0 0.21666666666666667 0.37440191387559807 0.060000000000000005 0.028708133971291863
0 0.21666666666666667 0.409688995215311 0.05666666666666667 0.03229665071770335
0 0.21833333333333335 0.44677033492822965 0.05666666666666667 0.03708133971291866
0 0.1375 0.3020334928229665 0.06166666666666667 0.029904306220095694
0 0.1366666666666667 0.33911483253588515 0.060000000000000005 0.039473684210526314
0 0.13583333333333333 0.3761961722488038 0.055 0.03229665071770335
0 0.1391666666666667 0.4108851674641148 0.058333333333333334 0.03229665071770335
0 0.1366666666666667 0.4461722488038277 0.05 0.03349282296650718
0 0.13333333333333333 0.48145933014354064 0.05 0.03229665071770335
0 0.052500000000000005 0.30023923444976075 0.05166666666666667 0.03349282296650718
0 0.05583333333333334 0.3361244019138756 0.055 0.03588516746411483
0 0.06166666666666667 0.3755980861244019 0.05 0.03349282296650718
0 0.05166666666666667 0.41267942583732053 0.06333333333333334 0.03110047846889952
0 0.05416666666666667 0.4461722488038277 0.055 0.03110047846889952
0 0.05416666666666667 0.4838516746411483 0.055 0.03229665071770335
0 0.2966666666666667 0.37440191387559807 0.05 0.03588516746411483
0 0.2966666666666667 0.44557416267942584 0.05 0.03708133971291866
0 0.2991666666666667 0.3385167464114832 0.04833333333333334 0.03110047846889952
0 0.29833333333333334 0.3008373205741627 0.05666666666666667 0.034688995215311005
