1 0.42734375 0.5927083333333333 0.1296875 0.22291666666666665
1 0.56484375 0.39479166666666665 0.18281250000000002 0.40625
1 0.13359375 0.14375 0.0890625 0.09583333333333333
1 0.3046875 0.14479166666666665 0.1 0.10625
1 0.4703125 0.14479166666666665 0.1 0.10625
1 0.9625 0.14270833333333333 0.07187500000000001 0.10208333333333333
1 0.06015625 0.328125 0.09843750000000001 0.09375
1 0.22421875000000002 0.32708333333333334 0.0890625 0.11666666666666667
1 0.3953125 0.31979166666666664 0.09375 0.09791666666666667
1 0.909375 0.32395833333333335 0.07187500000000001 0.13541666666666666
1 0.12890625 0.5166666666666666 0.0890625 0.1125
1 0.9625 0.5145833333333333 0.06875 0.10833333333333334
1 0.06171875 0.7052083333333333 0.0859375 0.11041666666666666
1 0.22968750000000002 0.7020833333333333 0.09375 0.11666666666666667
1 0.7484375000000001 0.696875 0.05625 0.12291666666666666
1 0.8992187500000001 0.703125 0.1015625 0.09791666666666667
1 0.13125 0.8885416666666667 0.10625000000000001 0.11041666666666666
1 0.30312500000000003 0.8885416666666667 0.09062500000000001 0.11041666666666666
1 0.6359375 0.896875 0.09375 0.11041666666666666
1 0.8078125 0.8916666666666666 0.10312500000000001 0.12083333333333333
1 0.9617187500000001 0.890625 0.0765625 0.11041666666666666
