1 0.915625 0.2625 0.16875 0.2125
1 0.15234375 0.7666666666666666 0.1453125 0.125
1 0.25859375 0.3520833333333333 0.1078125 0.09166666666666666
1 0.0328125 0.534375 0.053125000000000006 0.09375
1 0.12812500000000002 0.22916666666666666 0.09375 0.075
1 0.5007812500000001 0.23333333333333334 0.1046875 0.1
1 0.6328125 0.134375 0.08125 0.06875
1 0.7984375 0.059375 0.09062500000000001 0.07291666666666667
1 0.3140625 0.13229166666666667 0.084375 0.06458333333333333
1 0.20234375000000002 0.05520833333333333 0.0890625 0.07291666666666667
1 0.49843750000000003 0.06041666666666667 0.084375 0.06666666666666667
