0 0.32075471698113206 0.50625 0.05424528301886792 0.11666666666666667
0 0.7057783018867925 0.03125 0.041273584905660375 0.0625
0 0.7747641509433962 0.11770833333333333 0.03537735849056604 0.08541666666666667
0 0.8142688679245282 0.275 0.045990566037735846 0.07083333333333333
0 0.12382075471698113 0.14479166666666665 0.04716981132075471 0.08958333333333333
0 0.039504716981132074 0.384375 0.04363207547169811 0.07708333333333334
0 0.7617924528301887 0.9375 0.0660377358490566 0.1
0 0.8567216981132075 0.9427083333333334 0.04834905660377358 0.07291666666666667
0 0.9481132075471698 0.9697916666666666 0.03773584905660377 0.04791666666666666
0 0.6910377358490566 0.9770833333333333 0.04009433962264151 0.04583333333333333
