1 0.4930555555555555 0.45138888888888884 0.1875 0.27976190476190477
1 0.7957175925925926 0.43551587301587297 0.08680555555555555 0.11706349206349206
1 0.8993055555555555 0.6746031746031745 0.07407407407407407 0.10317460317460317
1 0.8402777777777777 0.8313492063492063 0.07407407407407407 0.09523809523809523
1 0.6898148148148148 0.8134920634920635 0.07870370370370369 0.10714285714285714
1 0.7384259259259259 0.6428571428571428 0.07638888888888888 0.12301587301587301
1 0.6545138888888888 0.5952380952380952 0.0798611111111111 0.1388888888888889
1 0.6024305555555555 0.802579365079365 0.07291666666666666 0.125
1 0.5752314814814814 0.5823412698412698 0.05555555555555555 0.0734126984126984
1 0.32465277777777773 0.6061507936507936 0.059027777777777776 0.10912698412698413
1 0.2858796296296296 0.6388888888888888 0.0625 0.1111111111111111
1 0.3472222222222222 0.7996031746031745 0.06481481481481481 0.10714285714285714
1 0.26273148148148145 0.814484126984127 0.057870370370370364 0.10119047619047619
1 0.23726851851851852 0.4712301587301587 0.0625 0.10912698412698413
1 0.1753472222222222 0.6765873015873015 0.059027777777777776 0.09126984126984126
1 0.15914351851851852 0.6011904761904762 0.07523148148148148 0.10317460317460317
1 0.07175925925925926 0.4851190476190476 0.07175925925925926 0.10119047619047619
1 0.022569444444444444 0.6934523809523809 0.04050925925925926 0.09722222222222221
1 0.10358796296296295 0.8154761904761905 0.06828703703703703 0.11507936507936507
1 0.2222222222222222 0.8482142857142857 0.06481481481481481 0.10912698412698413
