1 0.8206896551724138 0.18135011441647597 0.041379310344827586 0.05148741418764302
1 0.503448275862069 0.665903890160183 0.12137931034482757 0.11441647597254005
1 0.6303448275862068 0.5045766590389016 0.06344827586206896 0.06178489702517163
1 0.336551724137931 0.5263157894736842 0.08827586206896551 0.07093821510297482
1 0.9413793103448275 0.6384439359267735 0.034482758620689655 0.032036613272311214
1 0.8062068965517241 0.6504576659038902 0.037241379310344824 0.030892448512585814
1 0.8551724137931034 0.6990846681922197 0.03310344827586206 0.034324942791762014
1 0.9144827586206896 0.7196796338672768 0.03586206896551724 0.029748283752860413
1 0.9468965517241379 0.7894736842105263 0.037241379310344824 0.036613272311212815
1 0.8779310344827586 0.868421052631579 0.0593103448275862 0.054919908466819226
1 0.22344827586206895 0.6790617848970252 0.03862068965517241 0.03318077803203661
1 0.09241379310344827 0.6310068649885584 0.044137931034482755 0.03775743707093822
1 0.12827586206896552 0.7122425629290617 0.041379310344827586 0.03775743707093822
1 0.19379310344827586 0.7854691075514875 0.04275862068965517 0.03775743707093822
1 0.12413793103448274 0.8770022883295194 0.06068965517241379 0.04462242562929062
1 0.06206896551724137 0.7780320366132724 0.03862068965517241 0.041189931350114416
1 0.4875862068965517 0.16075514874141877 0.14482758620689654 0.20938215102974828
1 0.6855172413793102 0.6876430205949656 0.08275862068965517 0.09610983981693363
