0 0.7299528301886792 0.690625 0.02122641509433962 0.03958333333333333
0 0.6898584905660378 0.6322916666666667 0.025943396226415092 0.06458333333333333
0 0.6933962264150944 0.7489583333333333 0.0330188679245283 0.05625
0 0.6497641509433962 0.753125 0.02122641509433962 0.052083333333333336
0 0.6191037735849056 0.6822916666666666 0.025943396226415092 0.052083333333333336
0 0.5790094339622641 0.690625 0.023584905660377357 0.035416666666666666
0 0.5359669811320754 0.684375 0.036556603773584904 0.04375
0 0.517688679245283 0.740625 0.02830188679245283 0.035416666666666666
0 0.4834905660377358 0.6854166666666667 0.03537735849056604 0.06666666666666667
0 0.4033018867924528 0.6416666666666666 0.05424528301886792 0.0875
0 0.4463443396226415 0.7385416666666667 0.031839622641509434 0.04791666666666666
0 0.3490566037735849 0.7 0.025943396226415092 0.041666666666666664
0 0.33667452830188677 0.6 0.03419811320754717 0.05416666666666667
0 0.30778301886792453 0.6885416666666666 0.023584905660377357 0.035416666666666666
0 0.2712264150943396 0.6885416666666666 0.023584905660377357 0.035416666666666666
