0 0.5027624309392265 0.6435546875 0.1574585635359116 0.205078125
0 0.7196132596685083 0.1962890625 0.11878453038674033 0.134765625
0 0.6954419889502762 0.6474609375 0.04834254143646409 0.064453125
0 0.05870165745856353 0.3125 0.031767955801104975 0.04296875
0 0.2838397790055249 0.5048828125 0.07320441988950276 0.134765625
0 0.5096685082872928 0.1259765625 0.06906077348066297 0.111328125
0 0.11049723756906077 0.2216796875 0.06077348066298342 0.099609375
0 0.6975138121546961 0.3583984375 0.052486187845303865 0.060546875
0 0.09944751381215469 0.34375 0.027624309392265192 0.046875
0 0.05870165745856353 0.810546875 0.06215469613259668 0.08203125
0 0.9689226519337016 0.4580078125 0.0511049723756906 0.166015625
