0 0.8357142857142857 0.10285714285714286 0.07142857142857142 0.07428571428571429
0 0.9171428571428571 0.18 0.045714285714285714 0.05142857142857143
0 0.8457142857142858 0.46714285714285714 0.07428571428571429 0.08857142857142856
0 0.8328571428571429 0.8257142857142857 0.054285714285714284 0.10857142857142857
0 0.69 0.7585714285714286 0.04857142857142857 0.054285714285714284
0 0.6042857142857143 0.3385714285714286 0.08285714285714285 0.15142857142857144
0 0.5085714285714286 0.5628571428571428 0.05714285714285714 0.07428571428571429
0 0.5185714285714286 0.4742857142857143 0.1 0.14285714285714285
0 0.39714285714285713 0.09714285714285714 0.045714285714285714 0.06857142857142857
0 0.3485714285714286 0.10142857142857142 0.05142857142857143 0.07714285714285714
0 0.12 0.4228571428571429 0.08 0.11428571428571428
0 0.1757142857142857 0.7285714285714285 0.054285714285714284 0.08571428571428572
