0 0.346875 0.62375 0.043750000000000004 0.025
0 0.43375 0.45687500000000003 0.0525 0.043750000000000004
0 0.713125 0.599375 0.051250000000000004 0.04125
0 0.658125 0.57625 0.043750000000000004 0.0425
0 0.8325 0.536875 0.0425 0.03625
0 0.65375 0.69125 0.0475 0.0325
0 0.706875 0.65375 0.043750000000000004 0.0325
0 0.766875 0.651875 0.02625 0.03375
0 0.743125 0.756875 0.03125 0.02625
0 0.48562500000000003 0.639375 0.15375 0.10875
0 0.6625 0.74 0.0275 0.0275
0 0.78 0.785 0.035 0.035
0 0.74125 0.815625 0.035 0.06875
0 0.6475 0.81 0.0225 0.0225
0 0.555 0.81875 0.045 0.0275
0 0.3875 0.875 0.0475 0.03
0 0.380625 0.243125 0.03375 0.02125
