0 0.30043859649122806 0.17559523809523808 0.039473684210526314 0.07738095238095238
0 0.4139254385964912 0.17559523809523808 0.03618421052631579 0.07738095238095238
0 0.5241228070175439 0.185515873015873 0.03070175438596491 0.061507936507936505
0 0.6277412280701754 0.1845238095238095 0.029605263157894735 0.07142857142857142
0 0.7324561403508771 0.18253968253968253 0.03289473684210526 0.06746031746031746
0 0.7121710526315789 0.38690476190476186 0.03618421052631579 0.07539682539682539
0 0.6222587719298245 0.36607142857142855 0.029605263157894735 0.08928571428571427
0 0.5169956140350876 0.371031746031746 0.029605263157894735 0.07539682539682539
0 0.40350877192982454 0.375 0.03289473684210526 0.07539682539682539
0 0.3042763157894737 0.36607142857142855 0.03618421052631579 0.06547619047619047
0 0.6891447368421052 0.683531746031746 0.14583333333333331 0.27976190476190477
