0 0.5018867924528302 0.2859375 0.27169811320754716 0.15937500000000002
0 0.2320754716981132 0.325 0.1471698113207547 0.09375
0 0.29245283018867924 0.4765625 0.1471698113207547 0.115625
0 0.1 0.434375 0.1471698113207547 0.11875000000000001
0 0.09245283018867925 0.5984375000000001 0.1018867924528302 0.084375
0 0.25849056603773585 0.7609375 0.12452830188679245 0.084375
0 0.4981132075471698 0.8265625000000001 0.17358490566037735 0.09062500000000001
0 0.7452830188679246 0.7734375 0.13962264150943396 0.096875
0 0.5150943396226415 0.5281250000000001 0.15471698113207547 0.09375
0 0.779245283018868 0.50625 0.10943396226415095 0.07500000000000001
0 0.9490566037735849 0.546875 0.1018867924528302 0.10625000000000001
0 0.7943396226415095 0.23750000000000002 0.10943396226415095 0.08750000000000001
