1 0.25244618395303325 0.5556368960468522 0.1487279843444227 0.13616398243045388
1 0.4941291585127201 0.4407027818448024 0.11154598825831702 0.10834553440702782
1 0.31898238747553814 0.20497803806734993 0.10176125244618395 0.07320644216691069
1 0.10469667318982387 0.49414348462664714 0.10371819960861056 0.11273792093704246
1 0.3845401174168297 0.4348462664714495 0.07632093933463796 0.09956076134699854
1 0.6046966731898238 0.3616398243045388 0.07827788649706457 0.06734992679355783
1 0.6780821917808219 0.3162518301610542 0.060665362035225046 0.0527086383601757
1 0.7808219178082192 0.3374816983894583 0.0547945205479452 0.0424597364568082
1 0.8013698630136986 0.27891654465592974 0.04500978473581213 0.03953147877013177
1 0.8571428571428571 0.27232796486090777 0.03522504892367906 0.04978038067349927
1 0.9452054794520548 0.2130307467057101 0.0273972602739726 0.03953147877013177
1 0.9784735812133072 0.26207906295754024 0.0273972602739726 0.040995607613469986
1 0.6536203522504892 0.9297218155197657 0.10567514677103718 0.07613469985358712
1 0.7857142857142857 0.8206442166910688 0.09197651663405088 0.08638360175695461
1 0.15851272015655576 0.6742313323572474 0.12133072407045009 0.10688140556368961
1 0.6281800391389432 0.48535871156661786 0.08610567514677103 0.0746705710102489
