1 0.8502358490566038 0.7322916666666667 0.04716981132075471 0.18958333333333333
1 0.9186320754716981 0.7104166666666667 0.05660377358490566 0.2
1 0.9198113207547169 0.4614583333333333 0.06367924528301887 0.13541666666666666
1 0.8413915094339622 0.5020833333333333 0.04834905660377358 0.14583333333333334
1 0.9852594339622641 0.421875 0.02712264150943396 0.13125
1 0.9162735849056604 0.9479166666666666 0.0589622641509434 0.09583333333333333
1 0.9887971698113207 0.9583333333333334 0.020047169811320754 0.07083333333333333
1 0.9923349056603773 0.665625 0.015330188679245283 0.14375
1 0.6344339622641509 0.5958333333333333 0.030660377358490566 0.08333333333333333
1 0.5949292452830188 0.41875 0.09080188679245282 0.24583333333333332
1 0.852004716981132 0.9583333333333334 0.0294811320754717 0.06666666666666667
1 0.7729952830188679 0.5677083333333334 0.0294811320754717 0.06458333333333333
1 0.9204009433962264 0.07708333333333334 0.041273584905660375 0.12916666666666665
1 0.8372641509433962 0.15 0.06367924528301887 0.12916666666666665
