0 0.27901785714285715 0.5198412698412698 0.12053571428571427 0.19444444444444442
0 0.5736607142857143 0.6061507936507936 0.109375 0.2361111111111111
0 0.7075892857142857 0.7222222222222222 0.12723214285714285 0.2222222222222222
0 0.7957589285714285 0.5972222222222222 0.09821428571428571 0.24603174603174602
0 0.4469866071428571 0.4593253968253968 0.1328125 0.49007936507936506
0 0.2466517857142857 0.7053571428571428 0.1294642857142857 0.20039682539682538
0 0.17689732142857142 0.552579365079365 0.06584821428571429 0.11706349206349206
0 0.0859375 0.611111111111111 0.08258928571428571 0.1746031746031746
0 0.01953125 0.744047619047619 0.0390625 0.18253968253968253
0 0.6852678571428571 0.5376984126984127 0.08928571428571427 0.1468253968253968
0 0.9017857142857142 0.7668650793650793 0.10491071428571427 0.20436507936507936
0 0.9799107142857142 0.6765873015873015 0.03794642857142857 0.26587301587301587
