1 0.8712797619047619 0.21428571428571427 0.09077380952380952 0.1111111111111111
1 0.75 0.0873015873015873 0.06547619047619047 0.1111111111111111
1 0.4665178571428571 0.32539682539682535 0.09672619047619047 0.16269841269841268
1 0.4382440476190476 0.22916666666666666 0.10267857142857142 0.12896825396825395
1 0.4382440476190476 0.09523809523809523 0.05803571428571428 0.11507936507936507
1 0.4977678571428571 0.5119047619047619 0.11755952380952381 0.1746031746031746
1 0.5186011904761905 0.7857142857142857 0.17708333333333331 0.23809523809523808
1 0.020089285714285712 0.3194444444444444 0.02827380952380952 0.18253968253968253
1 0.04985119047619047 0.21428571428571427 0.08779761904761904 0.15079365079365079
1 0.09300595238095237 0.09722222222222221 0.09077380952380952 0.12698412698412698
