0 0.5225048923679061 0.8231292517006802 0.1095890410958904 0.08843537414965986
0 0.3913894324853229 0.5918367346938775 0.13307240704500978 0.11904761904761904
0 0.6790606653620352 0.6454081632653061 0.13307240704500978 0.10714285714285714
0 0.20841487279843443 0.6156462585034014 0.07240704500978473 0.061224489795918366
0 0.11937377690802348 0.6139455782312925 0.07436399217221135 0.06462585034013606
0 0.32583170254403127 0.22193877551020408 0.04892367906066536 0.03571428571428571
0 0.4892367906066536 0.3639455782312925 0.050880626223091974 0.05102040816326531
0 0.5704500978473581 0.09438775510204081 0.04892367906066536 0.04931972789115646
0 0.26418786692759294 0.27721088435374147 0.0273972602739726 0.03401360544217687
0 0.2857142857142857 0.2619047619047619 0.03131115459882583 0.03741496598639456
0 0.5782778864970646 0.36989795918367346 0.06457925636007827 0.052721088435374146
0 0.8835616438356164 0.23979591836734693 0.07240704500978473 0.07482993197278912
0 0.8170254403131115 0.1649659863945578 0.06457925636007827 0.06802721088435373
0 0.3845401174168297 0.9005102040816326 0.04500978473581213 0.0391156462585034
0 0.9637964774951076 0.7083333333333333 0.033268101761252444 0.03231292517006803
