1 0.5008445945945946 0.6354166666666666 0.04222972972972973 0.041666666666666664
1 0.6807432432432433 0.5447916666666667 0.060810810810810814 0.06458333333333333
1 0.6216216216216217 0.5385416666666667 0.05405405405405406 0.05625
1 0.5785472972972974 0.40729166666666666 0.048986486486486486 0.06041666666666667
1 0.48226351351351354 0.3958333333333333 0.07601351351351351 0.09583333333333333
1 0.5295608108108109 0.5583333333333333 0.05236486486486487 0.058333333333333334
1 0.46030405405405406 0.5697916666666667 0.0625 0.07708333333333334
1 0.41216216216216217 0.609375 0.05067567567567568 0.06041666666666667
1 0.34375 0.6145833333333334 0.05912162162162163 0.0625
1 0.35219594594594594 0.4770833333333333 0.0625 0.0875
1 0.35472972972972977 0.6947916666666667 0.060810810810810814 0.06875
