1 0.79625 0.5925 0.0325 0.0225
1 0.78125 0.150625 0.025 0.01875
1 0.7831250000000001 0.0975 0.03125 0.025
1 0.5525 0.255625 0.04 0.02875
1 0.455 0.256875 0.0425 0.03125
1 0.524375 0.47500000000000003 0.02625 0.0225
1 0.7925 0.77125 0.0225 0.02
1 0.828125 0.89 0.02875 0.025
1 0.278125 0.966875 0.03125 0.02625
1 0.13 0.983125 0.0275 0.02125
1 0.238125 0.695625 0.03875 0.02875
1 0.186875 0.6925 0.03375 0.025
1 0.34875 0.42375 0.04 0.0325
1 0.301875 0.42625 0.03625 0.03
1 0.09 0.42812500000000003 0.04 0.02625
1 0.0425 0.41500000000000004 0.0425 0.03
