1 0.7818509615384616 0.5114583333333333 0.109375 0.18125
1 0.7932692307692308 0.9604166666666667 0.12980769230769232 0.075
1 0.5030048076923077 0.12604166666666666 0.03485576923076923 0.035416666666666666
1 0.5949519230769231 0.09479166666666666 0.03365384615384616 0.04375
1 0.9098557692307693 0.10520833333333333 0.03365384615384616 0.04375
1 0.8383413461538461 0.103125 0.03485576923076923 0.04791666666666666
1 0.7572115384615385 0.096875 0.03125 0.035416666666666666
1 0.6724759615384616 0.11562499999999999 0.03966346153846154 0.035416666666666666
1 0.42367788461538464 0.09895833333333333 0.03485576923076923 0.035416666666666666
1 0.3203125 0.11562499999999999 0.03485576923076923 0.04791666666666666
1 0.24579326923076925 0.08958333333333333 0.03485576923076923 0.0375
1 0.16346153846153846 0.11562499999999999 0.040865384615384616 0.035416666666666666
1 0.09134615384615385 0.10104166666666667 0.03125 0.052083333333333336
1 0.09735576923076923 0.27291666666666664 0.03125 0.029166666666666667
1 0.07572115384615385 0.40520833333333334 0.03365384615384616 0.035416666666666666
1 0.1015625 0.5125 0.02764423076923077 0.058333333333333334
1 0.07872596153846154 0.6291666666666667 0.03966346153846154 0.05416666666666667
1 0.10817307692307693 0.7572916666666667 0.03125 0.05625
1 0.08293269230769232 0.903125 0.03125 0.052083333333333336
1 0.16646634615384617 0.9041666666666667 0.03966346153846154 0.05
1 0.2451923076923077 0.921875 0.03605769230769231 0.052083333333333336
1 0.32872596153846156 0.9145833333333333 0.03485576923076923 0.0375
1 0.6730769230769231 0.921875 0.028846153846153848 0.035416666666666666
1 0.5865384615384616 0.921875 0.03125 0.04791666666666666
1 0.9032451923076924 0.26145833333333335 0.03485576923076923 0.035416666666666666
1 0.9236778846153847 0.38229166666666664 0.03966346153846154 0.06041666666666667
1 0.9026442307692308 0.5125 0.028846153846153848 0.04583333333333333
1 0.9278846153846154 0.6354166666666666 0.038461538461538464 0.05416666666666667
1 0.9044471153846154 0.740625 0.02764423076923077 0.04791666666666666
