0 0.6316666666666667 0.1782477341389728 0.04 0.05840886203423968
0 0.8695833333333334 0.12084592145015105 0.022500000000000003 0.028197381671701913
0 0.8316666666666667 0.13947633434038267 0.025 0.03323262839879154
0 0.7945833333333334 0.13141993957703926 0.022500000000000003 0.02920443101711984
0 0.6058333333333333 0.730110775427996 0.045000000000000005 0.060422960725075525
0 0.8925000000000001 0.8036253776435045 0.03333333333333333 0.04028197381671702
0 0.8329166666666667 0.8202416918429003 0.0325 0.0473313192346425
0 0.7825000000000001 0.8172205438066465 0.028333333333333335 0.041289023162134945
0 0.805 0.879154078549849 0.028333333333333335 0.038267875125881166
0 0.7141666666666667 0.7688821752265861 0.030000000000000002 0.0473313192346425
0 0.3670833333333334 0.729103726082578 0.0275 0.03625377643504532
0 0.3975 0.7150050352467271 0.02666666666666667 0.04229607250755287
0 0.34500000000000003 0.7009063444108762 0.02666666666666667 0.038267875125881166
0 0.32125000000000004 0.6787512588116817 0.029166666666666667 0.03625377643504532
0 0.29875 0.6510574018126888 0.025833333333333337 0.041289023162134945
0 0.12875 0.6948640483383686 0.03416666666666667 0.04632426988922457
0 0.4029166666666667 0.4038267875125881 0.0275 0.04229607250755287
0 0.36583333333333334 0.4637462235649547 0.025 0.041289023162134945
0 0.3425 0.42396777442094663 0.021666666666666667 0.03625377643504532
0 0.28875 0.41289023162134947 0.02416666666666667 0.03625377643504532
0 0.31583333333333335 0.4738167170191339 0.025 0.03927492447129909
0 0.6075 0.4954682779456193 0.03666666666666667 0.04431017119838872
0 0.6425000000000001 0.4350453172205438 0.04166666666666667 0.04632426988922457
0 0.41833333333333333 0.21148036253776434 0.030000000000000002 0.038267875125881166
0 0.37625000000000003 0.2472306143001007 0.020833333333333336 0.03927492447129909
0 0.35250000000000004 0.26435045317220546 0.023333333333333334 0.03121852970795569
0 0.3275 0.23716012084592145 0.02666666666666667 0.03121852970795569
0 0.30083333333333334 0.21299093655589124 0.02 0.03121852970795569
0 0.9012500000000001 0.5045317220543807 0.03416666666666667 0.04028197381671702
0 0.8612500000000001 0.5382678751258811 0.030833333333333334 0.03927492447129909
0 0.81625 0.5292044310171199 0.030833333333333334 0.03927492447129909
0 0.7741666666666667 0.527693856998993 0.025 0.03625377643504532
0 0.7375 0.47129909365558914 0.02666666666666667 0.038267875125881166
