0 0.76171875 0.5367063492063492 0.12834821428571427 0.2718253968253968
0 0.36216517857142855 0.2589285714285714 0.06361607142857142 0.10912698412698413
0 0.5943080357142857 0.5416666666666666 0.08147321428571429 0.10714285714285714
0 0.19754464285714285 0.496031746031746 0.078125 0.12301587301587301
0 0.4185267857142857 0.5773809523809523 0.08928571428571427 0.28968253968253965
0 0.14453125 0.33035714285714285 0.07254464285714285 0.125
0 0.4899553571428571 0.44940476190476186 0.049107142857142856 0.12103174603174602
0 0.42075892857142855 0.3224206349206349 0.02901785714285714 0.061507936507936505
0 0.2739955357142857 0.3214285714285714 0.032366071428571425 0.0992063492063492
0 0.056919642857142856 0.4246031746031746 0.05803571428571428 0.1111111111111111
0 0.1294642857142857 0.6577380952380952 0.08482142857142856 0.15277777777777776
0 0.5870535714285714 0.17162698412698413 0.0625 0.08531746031746032
0 0.7181919642857142 0.3611111111111111 0.04575892857142857 0.09126984126984126
0 0.7952008928571428 0.369047619047619 0.03459821428571428 0.07539682539682539
0 0.8392857142857142 0.37896825396825395 0.03125 0.07539682539682539
0 0.8482142857142857 0.5109126984126984 0.049107142857142856 0.10515873015873015
