0 0.8916015625 0.21250000000000002 0.041015625 0.034375
0 0.15234375 0.31015625 0.06640625 0.060937500000000006
0 0.36328125 0.115625 0.046875 0.040625
0 0.1064453125 0.6023437500000001 0.087890625 0.0671875
0 0.94921875 0.33125000000000004 0.06640625 0.053125000000000006
0 0.0849609375 0.34921875 0.041015625 0.0421875
0 0.91015625 0.39765625000000004 0.04296875 0.0421875
0 0.19921875 0.69453125 0.046875 0.045312500000000006
0 0.201171875 0.0765625 0.04296875 0.040625
0 0.384765625 0.478125 0.05859375 0.05
0 0.7080078125 0.6429687500000001 0.095703125 0.0734375
0 0.791015625 0.8546875 0.046875 0.05
0 0.4033203125 0.08671875000000001 0.033203125 0.0328125
0 0.6220703125 0.7671875 0.060546875 0.059375000000000004
0 0.078125 0.9203125000000001 0.06640625 0.034375
0 0.1728515625 0.8601562500000001 0.044921875 0.0328125
0 0.90625 0.9031250000000001 0.0390625 0.021875000000000002
0 0.9169921875 0.75390625 0.056640625 0.026562500000000003
0 0.6025390625 0.60078125 0.064453125 0.0421875
0 0.5087890625 0.56484375 0.033203125 0.029687500000000002
0 0.419921875 0.578125 0.03125 0.034375
0 0.33203125 0.5796875 0.0234375 0.037500000000000006
0 0.248046875 0.353125 0.0546875 0.05
0 0.412109375 0.3359375 0.0390625 0.037500000000000006
0 0.330078125 0.27578125000000003 0.05859375 0.0421875
0 0.0380859375 0.2109375 0.044921875 0.053125000000000006
0 0.0888671875 0.2390625 0.037109375 0.037500000000000006
0 0.0732421875 0.30859375 0.068359375 0.029687500000000002
0 0.7001953125 0.39296875000000003 0.048828125 0.045312500000000006
0 0.6533203125 0.35234375 0.037109375 0.035937500000000004
0 0.5341796875 0.34687500000000004 0.041015625 0.034375
0 0.58203125 0.359375 0.03515625 0.028125
0 0.556640625 0.27421875 0.0546875 0.0390625
0 0.537109375 0.18671875000000002 0.02734375 0.0421875
0 0.9169921875 0.08046875 0.052734375 0.0390625
0 0.6474609375 0.51953125 0.048828125 0.035937500000000004
0 0.5390625 0.7429687500000001 0.0625 0.0765625
0 0.3369140625 0.7109375 0.056640625 0.040625
0 0.2744140625 0.9015625 0.107421875 0.11875000000000001
0 0.8251953125 0.6882812500000001 0.072265625 0.0546875
0 0.2138671875 0.403125 0.044921875 0.037500000000000006
0 0.6826171875 0.28046875 0.064453125 0.045312500000000006
0 0.9375 0.49375 0.046875 0.037500000000000006
0 0.099609375 0.04609375 0.046875 0.035937500000000004
0 0.279296875 0.08828125 0.04296875 0.0203125
0 0.44921875 0.078125 0.03125 0.028125
0 0.4814453125 0.50703125 0.052734375 0.045312500000000006
0 0.255859375 0.6492187500000001 0.1015625 0.06406250000000001
0 0.8271484375 0.9695312500000001 0.044921875 0.035937500000000004
0 0.6728515625 0.9226562500000001 0.041015625 0.0546875
