1 0.9383697813121271 0.18389662027833 0.0636182902584493 0.049701789264413515
1 0.8280318091451292 0.06461232604373757 0.057654075546719676 0.06163021868787276
1 0.8280318091451292 0.16202783300198806 0.07753479125248508 0.06560636182902584
1 0.8300198807157056 0.27634194831013914 0.06958250497017891 0.05566600397614314
1 0.8300198807157056 0.38270377733598404 0.06958250497017891 0.05367793240556659
1 0.7196819085487077 0.1769383697813121 0.059642147117296214 0.05566600397614314
1 0.614314115308151 0.11530815109343935 0.07157057654075547 0.04771371769383698
1 0.6123260437375745 0.20278330019880714 0.07952286282306162 0.06759443339960237
1 0.503976143141153 0.06163021868787276 0.073558648111332 0.059642147117296214
1 0.5059642147117296 0.16799204771371767 0.06560636182902584 0.05367793240556659
1 0.39662027833001984 0.16500994035785285 0.06560636182902584 0.059642147117296214
1 0.28827037773359837 0.15308151093439362 0.08349900596421471 0.059642147117296214
1 0.18290258449304173 0.0636182902584493 0.06759443339960237 0.05168986083499005
1 0.18290258449304173 0.17196819085487075 0.0636182902584493 0.04572564612326043
1 0.07157057654075547 0.17892644135188865 0.06759443339960237 0.05168986083499005
1 0.18489065606361826 0.27932405566600393 0.07157057654075547 0.049701789264413515
1 0.5049701789264412 0.28628230616302186 0.05566600397614314 0.04771371769383698
1 0.3976143141153081 0.2644135188866799 0.07554671968190854 0.0636182902584493
1 0.6133200795228627 0.33399602385685884 0.05367793240556659 0.04373757455268389
1 0.6163021868787276 0.4284294234592445 0.0636182902584493 0.05367793240556659
1 0.8300198807157056 0.4920477137176938 0.06560636182902584 0.05367793240556659
1 0.5019880715705765 0.3846918489065606 0.073558648111332 0.049701789264413515
1 0.3986083499005964 0.39264413518886676 0.057654075546719676 0.049701789264413515
1 0.5069582504970178 0.48608349900596415 0.0636182902584493 0.049701789264413515
1 0.3976143141153081 0.48011928429423456 0.08349900596421471 0.06560636182902584
1 0.39562624254473155 0.5934393638170974 0.0636182902584493 0.06560636182902584
1 0.8290258449304174 0.7147117296222664 0.0636182902584493 0.049701789264413515
1 0.9373757455268389 0.8200795228628229 0.06560636182902584 0.049701789264413515
1 0.8270377733598409 0.8190854870775347 0.06759443339960237 0.05168986083499005
1 0.720675944333996 0.8180914512922465 0.06163021868787276 0.04572564612326043
1 0.6133200795228627 0.8220675944333995 0.057654075546719676 0.04572564612326043
1 0.6103379721669979 0.7067594433399602 0.08349900596421471 0.06560636182902584
1 0.5168986083499005 0.6441351888667991 0.1033797216699801 0.07554671968190854
1 0.39960238568588463 0.713717693836978 0.059642147117296214 0.0636182902584493
1 0.3986083499005964 0.8240556660039761 0.05367793240556659 0.04572564612326043
1 0.28926441351888665 0.8200795228628229 0.06163021868787276 0.05367793240556659
1 0.18190854870775347 0.709741550695825 0.06958250497017891 0.04771371769383698
1 0.18190854870775347 0.8200795228628229 0.06560636182902584 0.04572564612326043
1 0.0705765407554672 0.8190854870775347 0.06560636182902584 0.04373757455268389
1 0.050695825049701784 0.9125248508946321 0.03777335984095427 0.03180914512922465
1 0.18389662027833 0.37972166998011925 0.06958250497017891 0.04771371769383698
1 0.1809145129224652 0.49900596421471166 0.0636182902584493 0.04771371769383698
