1 0.2998661311914324 0.1796875 0.050870147255689425 0.0859375
1 0.2958500669344043 0.556640625 0.0535475234270415 0.07421875
1 0.49531459170013387 0.1806640625 0.0535475234270415 0.083984375
1 0.09906291834002677 0.5576171875 0.0535475234270415 0.076171875
1 0.6927710843373494 0.185546875 0.049531459170013385 0.08203125
1 0.6914323962516733 0.560546875 0.05220883534136546 0.07421875
1 0.8888888888888888 0.5634765625 0.0535475234270415 0.076171875
1 0.49196787148594373 0.5576171875 0.05220883534136546 0.072265625
1 0.10040160642570281 0.1826171875 0.050870147255689425 0.080078125
1 0.4819277108433735 0.787109375 0.0428380187416332 0.06640625
1 0.3152610441767068 0.794921875 0.03614457831325301 0.0546875
1 0.6767068273092369 0.7705078125 0.03346720214190094 0.060546875
