0 0.69921875 0.4162011173184358 0.13671875 0.09497206703910614
0 0.2919921875 0.41131284916201116 0.115234375 0.09636871508379889
0 0.484375 0.20670391061452514 0.09375 0.06145251396648045
0 0.681640625 0.16620111731843576 0.078125 0.04748603351955307
0 0.8359375 0.12150837988826817 0.078125 0.05027932960893855
0 0.7490234375 0.060754189944134084 0.033203125 0.02653631284916201
0 0.2763671875 0.09567039106145252 0.041015625 0.03770949720670391
0 0.1533203125 0.046089385474860335 0.068359375 0.03910614525139665
0 0.4248046875 0.029329608938547486 0.044921875 0.036312849162011177
0 0.3349609375 0.020251396648044692 0.048828125 0.03770949720670391
0 0.4951171875 0.06215083798882682 0.041015625 0.029329608938547486
0 0.6015625 0.09636871508379889 0.05078125 0.036312849162011177
0 0.6064453125 0.027234636871508382 0.048828125 0.03212290502793296
0 0.8720703125 0.037011173184357544 0.033203125 0.03770949720670391
0 0.3916015625 0.10963687150837989 0.080078125 0.05726256983240224
0 0.2705078125 0.16620111731843576 0.080078125 0.05027932960893855
