0 0.4508928571428571 0.17559523809523808 0.05357142857142857 0.10912698412698413
0 0.7952008928571428 0.2093253968253968 0.041294642857142856 0.10912698412698413
0 0.8627232142857142 0.34424603174603174 0.02901785714285714 0.07738095238095238
0 0.8309151785714285 0.75 0.027901785714285712 0.07142857142857142
0 0.5424107142857143 0.49801587301587297 0.033482142857142856 0.07936507936507936
0 0.12444196428571427 0.47916666666666663 0.06361607142857142 0.13293650793650794
0 0.018973214285714284 0.2222222222222222 0.03571428571428571 0.09523809523809523
0 0.4263392857142857 0.9196428571428571 0.03571428571428571 0.09722222222222221
0 0.44419642857142855 0.7599206349206349 0.020089285714285712 0.05952380952380952
0 0.11439732142857142 0.9632936507936507 0.0390625 0.0734126984126984
