1 0.5445601851851851 0.6924603174603174 0.06828703703703703 0.1388888888888889
1 0.9456018518518517 0.047619047619047616 0.07407407407407407 0.09523809523809523
1 0.8420138888888888 0.047619047619047616 0.0775462962962963 0.09523809523809523
1 0.7430555555555555 0.04662698412698413 0.07638888888888888 0.09325396825396826
1 0.642361111111111 0.04464285714285714 0.07638888888888888 0.08928571428571427
1 0.5405092592592592 0.047619047619047616 0.07638888888888888 0.09523809523809523
1 0.4421296296296296 0.04464285714285714 0.07175925925925926 0.08928571428571427
1 0.3524305555555555 0.04563492063492063 0.07291666666666666 0.09126984126984126
1 0.2517361111111111 0.04563492063492063 0.07291666666666666 0.09126984126984126
1 0.14930555555555555 0.04464285714285714 0.07638888888888888 0.08531746031746032
1 0.04976851851851852 0.04563492063492063 0.07407407407407407 0.09126984126984126
1 0.9490740740740741 0.20138888888888887 0.07638888888888888 0.11706349206349206
1 0.8506944444444444 0.19345238095238093 0.07407407407407407 0.125
1 0.7482638888888888 0.19246031746031744 0.07291666666666666 0.12301587301587301
1 0.6481481481481481 0.19543650793650794 0.07407407407407407 0.125
1 0.5572916666666666 0.19642857142857142 0.07523148148148148 0.12698412698412698
1 0.4594907407407407 0.20238095238095238 0.07407407407407407 0.11904761904761904
1 0.3587962962962963 0.1974206349206349 0.07407407407407407 0.125
1 0.25752314814814814 0.19345238095238093 0.07523148148148148 0.125
1 0.15625 0.19246031746031744 0.07175925925925926 0.12698412698412698
1 0.05324074074074074 0.19345238095238093 0.07638888888888888 0.125
1 0.9450231481481481 0.36408730158730157 0.07291666666666666 0.11706349206349206
1 0.8431712962962963 0.36408730158730157 0.07060185185185185 0.11706349206349206
1 0.7430555555555555 0.36507936507936506 0.07638888888888888 0.11904761904761904
1 0.6417824074074073 0.3621031746031746 0.0775462962962963 0.12103174603174602
1 0.3506944444444444 0.36507936507936506 0.07638888888888888 0.12301587301587301
1 0.24942129629629628 0.36408730158730157 0.07523148148148148 0.11706349206349206
1 0.14930555555555555 0.36706349206349204 0.07175925925925926 0.11904761904761904
1 0.05150462962962963 0.3611111111111111 0.07523148148148148 0.12698412698412698
1 0.05555555555555555 0.5317460317460317 0.07638888888888888 0.11507936507936507
1 0.1568287037037037 0.5267857142857143 0.07060185185185185 0.12103174603174602
1 0.9484953703703703 0.5307539682539683 0.07523148148148148 0.11706349206349206
1 0.2569444444444444 0.5257936507936508 0.07407407407407407 0.12301587301587301
1 0.35590277777777773 0.5307539682539683 0.07523148148148148 0.12103174603174602
1 0.6493055555555555 0.5307539682539683 0.07175925925925926 0.11706349206349206
1 0.7488425925925926 0.5267857142857143 0.07175925925925926 0.12103174603174602
1 0.8478009259259259 0.5267857142857143 0.07523148148148148 0.12103174603174602
1 0.9461805555555555 0.6934523809523809 0.07060185185185185 0.11706349206349206
1 0.8443287037037036 0.6954365079365079 0.07291666666666666 0.11309523809523808
1 0.7418981481481481 0.6964285714285714 0.07638888888888888 0.12301587301587301
1 0.6412037037037037 0.6954365079365079 0.07175925925925926 0.12103174603174602
1 0.35185185185185186 0.6934523809523809 0.07175925925925926 0.125
1 0.25057870370370366 0.691468253968254 0.06828703703703703 0.11706349206349206
1 0.14930555555555555 0.6954365079365079 0.07407407407407407 0.11309523809523808
1 0.04918981481481481 0.6954365079365079 0.07060185185185185 0.12103174603174602
1 0.9502314814814814 0.863095238095238 0.07407407407407407 0.11507936507936507
1 0.8501157407407407 0.8621031746031745 0.07291666666666666 0.12103174603174602
1 0.7488425925925926 0.8660714285714285 0.07175925925925926 0.12896825396825395
1 0.6481481481481481 0.8680555555555555 0.07638888888888888 0.12896825396825395
1 0.5596064814814814 0.8680555555555555 0.07060185185185185 0.12896825396825395
1 0.35821759259259256 0.863095238095238 0.07060185185185185 0.12698412698412698
1 0.2569444444444444 0.8640873015873015 0.07407407407407407 0.12896825396825395
1 0.15451388888888887 0.8660714285714285 0.07291666666666666 0.12896825396825395
1 0.05613425925925926 0.863095238095238 0.07060185185185185 0.13095238095238093
