0 0.35416666666666663 0.6527777777777778 0.08991228070175439 0.19047619047619047
0 0.7066885964912281 0.6875 0.11513157894736842 0.22023809523809523
0 0.5137061403508771 0.3720238095238095 0.03618421052631579 0.07738095238095238
0 0.3026315789473684 0.18353174603174602 0.02412280701754386 0.0496031746031746
0 0.4133771929824561 0.17956349206349206 0.03289473684210526 0.061507936507936505
0 0.5208333333333333 0.1884920634920635 0.03289473684210526 0.05952380952380952
0 0.6277412280701754 0.18253968253968253 0.023026315789473683 0.05952380952380952
0 0.7357456140350876 0.1884920634920635 0.02631578947368421 0.05555555555555555
0 0.712719298245614 0.3759920634920635 0.039473684210526314 0.08928571428571427
0 0.6260964912280701 0.3561507936507936 0.03289473684210526 0.07738095238095238
0 0.4089912280701754 0.3700396825396825 0.02412280701754386 0.07738095238095238
0 0.3042763157894737 0.3551587301587301 0.03399122807017543 0.07539682539682539
