1 0.934 0.08146964856230032 0.06 0.08626198083067092
1 0.857 0.0878594249201278 0.05 0.054313099041533544
1 0.774 0.08626198083067092 0.056 0.07667731629392971
1 0.6960000000000001 0.08306709265175719 0.064 0.08945686900958466
1 0.617 0.09105431309904152 0.066 0.07987220447284345
1 0.54 0.08466453674121405 0.06 0.07348242811501597
1 0.461 0.08626198083067092 0.062 0.07028753993610223
1 0.933 0.19808306709265175 0.054 0.06389776357827476
1 0.855 0.19329073482428114 0.054 0.07987220447284345
1 0.776 0.19329073482428114 0.044 0.0670926517571885
1 0.6980000000000001 0.194888178913738 0.052000000000000005 0.07667731629392971
1 0.613 0.18690095846645366 0.058 0.07987220447284345
1 0.538 0.1853035143769968 0.048 0.07667731629392971
1 0.459 0.19169329073482427 0.058 0.06389776357827476
1 0.854 0.2955271565495208 0.056 0.07987220447284345
1 0.771 0.29073482428115016 0.05 0.05750798722044728
1 0.6890000000000001 0.2971246006389776 0.046 0.06389776357827476
1 0.617 0.2987220447284345 0.054 0.07987220447284345
1 0.53 0.3003194888178914 0.052000000000000005 0.07667731629392971
1 0.461 0.2955271565495208 0.062 0.07348242811501597
1 0.379 0.2971246006389776 0.046 0.07028753993610223
1 0.935 0.402555910543131 0.05 0.07028753993610223
1 0.934 0.6022364217252396 0.052000000000000005 0.0670926517571885
1 0.935 0.7140575079872205 0.066 0.07987220447284345
1 0.934 0.8115015974440895 0.048 0.07667731629392971
1 0.776 0.7204472843450479 0.056 0.07348242811501597
1 0.6940000000000001 0.6038338658146964 0.056 0.08306709265175719
1 0.538 0.6102236421725239 0.056 0.06389776357827476
1 0.458 0.7092651757188498 0.052000000000000005 0.08306709265175719
1 0.296 0.6006389776357828 0.048 0.05750798722044728
1 0.299 0.7092651757188498 0.054 0.07667731629392971
1 0.297 0.8115015974440895 0.058 0.07667731629392971
1 0.38 0.9185303514376997 0.052000000000000005 0.07348242811501597
1 0.457 0.9153354632587859 0.054 0.07348242811501597
1 0.535 0.9201277955271565 0.058 0.07028753993610223
1 0.616 0.9217252396166133 0.06 0.07987220447284345
1 0.616 0.8178913738019169 0.052000000000000005 0.07028753993610223
