0 0.8745318352059925 0.7333333333333333 0.09363295880149813 0.05591397849462366
0 0.8370786516853933 0.5731182795698925 0.10112359550561797 0.06666666666666667
0 0.8295880149812734 0.8075268817204301 0.07116104868913858 0.03225806451612903
0 0.599250936329588 0.5 0.0898876404494382 0.04946236559139785
0 0.15355805243445694 0.4860215053763441 0.15730337078651685 0.07741935483870968
0 0.31086142322097376 0.08817204301075268 0.09737827715355805 0.05161290322580645
0 0.2546816479400749 0.8419354838709677 0.10486891385767791 0.06666666666666667
0 0.18352059925093633 0.7741935483870968 0.08239700374531836 0.06451612903225806
0 0.0449438202247191 0.8172043010752689 0.0749063670411985 0.047311827956989246
0 0.08426966292134831 0.9258064516129032 0.07865168539325842 0.05806451612903226
