1 0.05517503805175038 0.1019047619047619 0.04490106544901065 0.04380952380952381
1 0.5829528158295281 0.19333333333333333 0.0974124809741248 0.12
1 0.37062404870624044 0.04428571428571428 0.030441400304414 0.02761904761904762
1 0.2724505327245053 0.6752380952380952 0.1263318112633181 0.1523809523809524
1 0.10920852359208523 0.7247619047619047 0.04490106544901065 0.049523809523809526
1 0.1525875190258752 0.8271428571428572 0.04337899543378995 0.054285714285714284
1 0.13051750380517502 0.8004761904761905 0.03729071537290715 0.06380952380952382
1 0.3135464231354642 0.8395238095238096 0.0213089802130898 0.029523809523809525
1 0.26103500761035003 0.8657142857142857 0.0213089802130898 0.024761904761904763
1 0.5852359208523592 0.6366666666666667 0.0441400304414003 0.04857142857142857
1 0.6350837138508371 0.7171428571428572 0.05098934550989345 0.05333333333333333
1 0.580669710806697 0.8661904761904762 0.0471841704718417 0.05238095238095238
1 0.6601978691019786 0.8676190476190476 0.04185692541856925 0.045714285714285714
1 0.654490106544901 0.4095238095238095 0.0197869101978691 0.030476190476190476
1 0.9212328767123287 0.699047619047619 0.07838660578386605 0.0761904761904762
1 0.8470319634703196 0.41714285714285715 0.015220700152207 0.022857142857142857
1 0.8139269406392694 0.4080952380952381 0.01141552511415525 0.02
