1 0.8015625000000001 0.715625 0.043750000000000004 0.06875
1 0.7601562500000001 0.6385416666666667 0.0390625 0.07291666666666667
1 0.64765625 0.6395833333333333 0.0390625 0.075
1 0.7093750000000001 0.75625 0.03125 0.07083333333333333
1 0.6359375 0.778125 0.046875 0.06875
1 0.5593750000000001 0.7614583333333333 0.05625 0.09375
1 0.571875 0.671875 0.040625 0.07708333333333334
1 0.553125 0.5864583333333333 0.028125 0.07291666666666667
1 0.5109375 0.6041666666666666 0.059375000000000004 0.09583333333333333
1 0.48828125 0.6802083333333333 0.0390625 0.08958333333333333
1 0.38984375000000004 0.69375 0.0671875 0.1
1 0.4453125 0.5302083333333333 0.05 0.08125
1 0.3875 0.5666666666666667 0.053125000000000006 0.09166666666666666
1 0.321875 0.6135416666666667 0.053125000000000006 0.08541666666666667
1 0.3484375 0.471875 0.065625 0.07708333333333334
1 0.26796875000000003 0.4166666666666667 0.0484375 0.09583333333333333
