0 0.04068396226415094 0.6336206896551724 0.050707547169811316 0.05172413793103448
0 0.01474056603773585 0.7435344827586207 0.02712264150943396 0.05603448275862069
0 0.060141509433962265 0.7726293103448276 0.04245283018867924 0.05818965517241379
0 0.1910377358490566 0.7564655172413793 0.04716981132075471 0.06465517241379311
0 0.28066037735849053 0.720905172413793 0.051886792452830184 0.07543103448275862
0 0.34964622641509435 0.7327586206896551 0.04834905660377358 0.08620689655172414
0 0.3909198113207547 0.7780172413793104 0.024764150943396224 0.03879310344827586
0 0.423938679245283 0.7931034482758621 0.024764150943396224 0.030172413793103446
0 0.4428066037735849 0.7122844827586207 0.045990566037735846 0.04956896551724138
0 0.5318396226415094 0.5086206896551724 0.16981132075471697 0.23275862068965517
