0 0.46960667461263406 0.392578125 0.1430274135876043 0.12890625
0 0.5154946364719905 0.13671875 0.07985697258641239 0.1171875
0 0.28486293206197855 0.53515625 0.07151370679380215 0.10546875
0 0.09952324195470798 0.92578125 0.06078665077473182 0.09375
0 0.7282479141835518 0.5771484375 0.04767580452920143 0.080078125
0 0.6752085816448152 0.755859375 0.06317044100119189 0.0859375
0 0.8110846245530393 0.7822265625 0.06317044100119189 0.080078125
0 0.7735399284862932 0.9130859375 0.06912991656734208 0.083984375
0 0.5393325387365911 0.845703125 0.09415971394517282 0.0859375
0 0.5810488676996424 0.9599609375 0.07747318235995232 0.080078125
0 0.4785458879618593 0.962890625 0.07270560190703218 0.07421875
0 0.2443384982121573 0.83203125 0.04767580452920143 0.0859375
0 0.28426698450536353 0.76171875 0.05601907032181168 0.0703125
