1 0.8520833333333333 0.7992424242424242 0.09583333333333333 0.07727272727272727
1 0.9416666666666667 0.4121212121212121 0.1125 0.08181818181818182
1 0.9458333333333333 0.15 0.10416666666666667 0.10303030303030303
1 0.9197916666666667 0.6522727272727272 0.10208333333333333 0.07727272727272727
1 0.45625 0.7537878787878788 0.15833333333333333 0.09848484848484848
1 0.09375 0.7727272727272727 0.1125 0.09090909090909091
1 0.50625 0.3613636363636364 0.175 0.14393939393939395
1 0.18020833333333333 0.5037878787878788 0.08958333333333333 0.08333333333333333
1 0.059375 0.3446969696969697 0.11875 0.13787878787878788
1 0.10520833333333333 0.058333333333333334 0.14375 0.09545454545454546
