0 0.7222222222222222 0.06578947368421052 0.08417508417508417 0.07236842105263158
0 0.611111111111111 0.06907894736842105 0.07744107744107744 0.06578947368421052
0 0.5 0.06907894736842105 0.08417508417508417 0.05921052631578947
0 0.3939393939393939 0.07236842105263158 0.0808080808080808 0.05921052631578947
0 0.27946127946127947 0.07072368421052631 0.06734006734006734 0.05592105263157894
0 0.8316498316498316 0.18092105263157893 0.08754208754208753 0.05921052631578947
0 0.7222222222222222 0.18092105263157893 0.08417508417508417 0.05921052631578947
0 0.611111111111111 0.17763157894736842 0.0707070707070707 0.05263157894736842
0 0.5 0.16611842105263158 0.07744107744107744 0.06907894736842105
0 0.3888888888888889 0.17269736842105263 0.07744107744107744 0.0756578947368421
0 0.2777777777777778 0.17269736842105263 0.07744107744107744 0.06907894736842105
0 0.1632996632996633 0.17434210526315788 0.0707070707070707 0.06578947368421052
0 0.9511784511784511 0.2911184210526316 0.08417508417508417 0.05592105263157894
0 0.835016835016835 0.28125 0.07407407407407407 0.06907894736842105
0 0.7272727272727273 0.2894736842105263 0.07407407407407407 0.05263157894736842
0 0.2895622895622896 0.2894736842105263 0.08754208754208753 0.06578947368421052
0 0.15993265993265993 0.2894736842105263 0.07744107744107744 0.05263157894736842
0 0.04713804713804714 0.28289473684210525 0.06734006734006734 0.07236842105263158
0 0.04882154882154882 0.4013157894736842 0.0707070707070707 0.05921052631578947
0 0.1616161616161616 0.4046052631578947 0.07407407407407407 0.05921052631578947
0 0.5033670033670034 0.3996710526315789 0.0707070707070707 0.0625
0 0.8367003367003366 0.3996710526315789 0.0707070707070707 0.05592105263157894
0 0.9444444444444444 0.3996710526315789 0.0707070707070707 0.05592105263157894
0 0.9478114478114478 0.5082236842105263 0.06397306397306397 0.0756578947368421
0 0.8383838383838383 0.5148026315789473 0.06734006734006734 0.0625
0 0.6144781144781144 0.4983552631578947 0.09090909090909091 0.06907894736842105
0 0.4966329966329966 0.5049342105263157 0.0707070707070707 0.06907894736842105
0 0.38720538720538716 0.5049342105263157 0.08754208754208753 0.06907894736842105
0 0.15824915824915825 0.5082236842105263 0.06734006734006734 0.0625
0 0.05218855218855219 0.5049342105263157 0.07744107744107744 0.0625
0 0.04882154882154882 0.6167763157894737 0.07744107744107744 0.06907894736842105
0 0.16498316498316498 0.6118421052631579 0.07407407407407407 0.07236842105263158
0 0.2727272727272727 0.7121710526315789 0.0808080808080808 0.08223684210526315
0 0.15993265993265993 0.7286184210526315 0.08417508417508417 0.0625
0 0.05555555555555555 0.725328947368421 0.07744107744107744 0.0756578947368421
0 0.8367003367003366 0.6118421052631579 0.0707070707070707 0.07236842105263158
0 0.5033670033670034 0.6266447368421052 0.08417508417508417 0.0625
0 0.9478114478114478 0.6200657894736842 0.07744107744107744 0.049342105263157895
0 0.9427609427609427 0.7335526315789473 0.06734006734006734 0.05263157894736842
0 0.835016835016835 0.7335526315789473 0.07407407407407407 0.05263157894736842
0 0.7222222222222222 0.7203947368421052 0.07744107744107744 0.05263157894736842
0 0.7205387205387205 0.8421052631578947 0.09427609427609428 0.05921052631578947
0 0.6161616161616161 0.8388157894736842 0.0808080808080808 0.07236842105263158
0 0.49831649831649827 0.8371710526315789 0.09427609427609428 0.0625
0 0.39057239057239057 0.8338815789473684 0.06734006734006734 0.0625
0 0.27946127946127947 0.8289473684210525 0.07407407407407407 0.05921052631578947
0 0.1632996632996633 0.8305921052631579 0.0707070707070707 0.06907894736842105
0 0.2727272727272727 0.9523026315789473 0.07407407407407407 0.0625
0 0.3855218855218855 0.950657894736842 0.06397306397306397 0.06578947368421052
0 0.5 0.944078947368421 0.06397306397306397 0.06578947368421052
0 0.6127946127946128 0.9457236842105262 0.06734006734006734 0.0625
0 0.7255892255892256 0.9473684210526315 0.07744107744107744 0.05263157894736842
