0 0.45156250000000003 0.6447916666666667 0.09062500000000001 0.19375
0 0.1390625 0.5083333333333333 0.07500000000000001 0.10833333333333334
0 0.1609375 0.2375 0.05625 0.125
0 0.325 0.17604166666666665 0.043750000000000004 0.08125
0 0.3640625 0.35104166666666664 0.07187500000000001 0.10625
0 0.55234375 0.24895833333333334 0.0578125 0.12291666666666666
0 0.6265625 0.4947916666666667 0.07187500000000001 0.11458333333333333
0 0.9070312500000001 0.696875 0.1265625 0.22291666666666665
0 0.8601562500000001 0.39479166666666665 0.0546875 0.10625
0 0.79296875 0.21875 0.060937500000000006 0.11666666666666667
0 0.65234375 0.14895833333333333 0.0390625 0.05625
