1 0.6515330188679245 0.30280172413793105 0.041273584905660375 0.0668103448275862
1 0.6627358490566038 0.1497844827586207 0.03537735849056604 0.05818965517241379
1 0.5884433962264151 0.4040948275862069 0.04716981132075471 0.08405172413793104
1 0.517688679245283 0.43426724137931033 0.04245283018867924 0.0625
1 0.5047169811320754 0.30711206896551724 0.0330188679245283 0.0625
1 0.4557783018867924 0.4213362068965517 0.03419811320754717 0.0625
1 0.4581367924528302 0.5765086206896551 0.04834905660377358 0.07112068965517242
1 0.36969339622641506 0.5797413793103449 0.041273584905660375 0.06896551724137931
1 0.3920990566037736 0.6691810344827586 0.03419811320754717 0.0668103448275862
1 0.2865566037735849 0.5366379310344828 0.03537735849056604 0.05603448275862069
