0 0.7507246376811594 0.2963917525773196 0.06086956521739131 0.08247422680412371
0 0.563768115942029 0.30283505154639173 0.06376811594202898 0.07474226804123711
0 0.3898550724637681 0.30283505154639173 0.06956521739130435 0.06958762886597938
0 0.22318840579710145 0.29896907216494845 0.05507246376811594 0.07216494845360824
0 0.7557971014492754 0.5708762886597938 0.0536231884057971 0.07474226804123711
0 0.7521739130434782 0.24097938144329897 0.05507246376811594 0.05412371134020619
0 0.5652173913043478 0.2461340206185567 0.057971014492753624 0.05412371134020619
0 0.3927536231884058 0.2538659793814433 0.06666666666666667 0.06443298969072164
0 0.2217391304347826 0.25128865979381443 0.0463768115942029 0.059278350515463915
0 0.21884057971014492 0.5747422680412371 0.06666666666666667 0.06701030927835051
0 0.21884057971014492 0.5167525773195876 0.052173913043478265 0.06443298969072164
0 0.38768115942028986 0.5786082474226804 0.05652173913043478 0.06443298969072164
0 0.3898550724637681 0.4768041237113402 0.03188405797101449 0.07216494845360824
0 0.5710144927536231 0.5657216494845361 0.06086956521739131 0.08505154639175258
0 0.5695652173913044 0.4922680412371134 0.06086956521739131 0.06701030927835051
0 0.7586956521739131 0.5103092783505154 0.059420289855072465 0.061855670103092786
0 0.7630434782608696 0.8234536082474226 0.06811594202898551 0.07474226804123711
0 0.5746376811594203 0.8157216494845361 0.06811594202898551 0.059278350515463915
0 0.391304347826087 0.8337628865979382 0.06086956521739131 0.059278350515463915
0 0.2311594202898551 0.8298969072164948 0.06231884057971015 0.061855670103092786
0 0.2282608695652174 0.7731958762886598 0.0536231884057971 0.05670103092783505
0 0.39420289855072466 0.7641752577319587 0.04057971014492753 0.05412371134020619
0 0.5818840579710145 0.7654639175257731 0.07101449275362319 0.04639175257731959
0 0.7681159420289855 0.768041237113402 0.06376811594202898 0.061855670103092786
