1 0.7253846153846154 0.359375 0.06 0.078125
1 0.07923076923076923 0.3193359375 0.06 0.076171875
1 0.21 0.76953125 0.06615384615384616 0.11328125
1 0.06461538461538462 0.1640625 0.052307692307692305 0.08203125
1 0.4430769230769231 0.5537109375 0.055384615384615386 0.068359375
1 0.7792307692307693 0.6953125 0.07846153846153846 0.12109375
1 0.3415384615384615 0.5126953125 0.043076923076923075 0.056640625
1 0.8715384615384615 0.1630859375 0.05692307692307692 0.068359375
1 0.4592307692307692 0.748046875 0.06923076923076923 0.078125
1 0.7323076923076923 0.865234375 0.06769230769230769 0.078125
1 0.18461538461538463 0.13671875 0.052307692307692305 0.0625
1 0.38153846153846155 0.1630859375 0.052307692307692305 0.083984375
1 0.5146153846153846 0.173828125 0.04153846153846154 0.078125
1 0.7230769230769231 0.1513671875 0.06153846153846154 0.064453125
1 0.9453846153846154 0.16796875 0.03538461538461538 0.05859375
1 0.8076923076923077 0.1728515625 0.043076923076923075 0.052734375
1 0.6346153846153846 0.2431640625 0.05076923076923077 0.060546875
1 0.9215384615384615 0.3603515625 0.06461538461538462 0.068359375
1 0.8353846153846154 0.4794921875 0.055384615384615386 0.060546875
1 0.6523076923076923 0.4560546875 0.04923076923076923 0.064453125
1 0.5138461538461538 0.349609375 0.055384615384615386 0.06640625
1 0.3830769230769231 0.3330078125 0.04923076923076923 0.064453125
1 0.22923076923076924 0.3203125 0.06461538461538462 0.08203125
1 0.10846153846153846 0.490234375 0.06 0.0625
1 0.22615384615384615 0.548828125 0.06461538461538462 0.05859375
1 0.07923076923076923 0.7041015625 0.03538461538461538 0.083984375
1 0.3569230769230769 0.6904296875 0.06461538461538462 0.068359375
1 0.6384615384615384 0.6318359375 0.06769230769230769 0.076171875
1 0.9223076923076923 0.626953125 0.05692307692307692 0.06640625
1 0.8753846153846154 0.8515625 0.055384615384615386 0.078125
1 0.6069230769230769 0.833984375 0.05384615384615385 0.078125
1 0.19846153846153847 0.90234375 0.046153846153846156 0.0703125
1 0.4246153846153846 0.953125 0.052307692307692305 0.03515625
